FrameNo,pose_confidence,head_x,head_y,head_confidence,left_shoulder_x,left_shoulder_y,left_shoulder_confidence,right_shoulder_x,right_shoulder_y,right_shoulder_confidence,left_elbow_x,left_elbow_y,left_elbow_confidence,right_elbow_x,right_elbow_y,right_elbow_confidence,left_hand_x,left_hand_y,left_hand_confidence,right_hand_x,right_hand_y,right_hand_confidence,left_hip_x,left_hip_y,left_hip_confidence,right_hip_x,right_hip_y,right_hip_confidence,left_knee_x,left_knee_y,left_knee_confidence,right_knee_x,right_knee_y,right_knee_confidence,left_foot_x,left_foot_y,left_foot_confidence,right_foot_x,right_foot_y,right_foot_confidence
0,0.5326883435249329,976,425,0.5583329796791077,1035,461,0.5504165291786194,925,457,0.5224258303642273,1067,506,0.46487659215927124,910,498,0.5377482175827026,1069,539,0.4428337514400482,902,540,0.45894864201545715,1016,554,0.5234566330909729,942,553,0.5615297555923462,1023,631,0.5606030225753784,951,639,0.44252920150756836,1020,708,0.4312812387943268,941,710,0.5522201061248779
1,0.5328317075967788,978,425,0.5178239941596985,1036,460,0.5555436611175537,925,456,0.5372180938720703,1066,505,0.45973801612854004,911,499,0.5428043603897095,1052,534,0.30576658248901367,905,539,0.43776774406433105,1017,554,0.5309646725654602,943,554,0.5672680735588074,1028,630,0.45469942688941956,952,635,0.4703722894191742,1021,700,0.4157668650150299,946,703,0.5028395652770996
2,0.5432729125022888,976,425,0.5301735401153564,1035,460,0.5639197826385498,925,457,0.5321208238601685,1062,505,0.4833897650241852,910,499,0.5560294389724731,1069,538,0.4615495800971985,903,539,0.43448197841644287,1014,555,0.5556156039237976,943,554,0.5792466998100281,1023,631,0.43823492527008057,948,636,0.4593004584312439,1019,703,0.4223467707633972,943,705,0.5118312835693359
3,0.5521639049053192,973,425,0.5611809492111206,1034,460,0.5751007795333862,924,457,0.5315737724304199,1062,505,0.49082887172698975,910,500,0.550819993019104,1068,538,0.46074405312538147,901,539,0.42438676953315735,1014,554,0.5650354027748108,943,554,0.5906915664672852,1019,626,0.5346314311027527,947,637,0.4617306888103485,1020,704,0.42156916856765747,943,707,0.5116153955459595
4,0.552233988046646,972,425,0.5746240615844727,1033,460,0.5700544118881226,924,457,0.5343050956726074,1061,505,0.48516640067100525,910,500,0.5468550324440002,1068,538,0.4569742977619171,901,538,0.4322768747806549,1014,553,0.5595652461051941,943,553,0.6031469106674194,1023,629,0.4421219229698181,947,634,0.4760792553424835,1022,704,0.431896835565567,944,706,0.5069459080696106
5,0.5589330494403839,973,426,0.5698816180229187,1034,460,0.570828914642334,926,457,0.5455304980278015,1061,505,0.49708378314971924,911,500,0.5477960109710693,1067,538,0.45797473192214966,902,537,0.43783897161483765,1014,553,0.5671048760414124,945,552,0.6160997748374939,1023,628,0.4447442591190338,946,632,0.48682737350463867,1022,702,0.4279279410839081,943,705,0.5128647685050964
6,0.5483743906021118,972,425,0.5598350763320923,1033,460,0.5654299259185791,925,456,0.5240125060081482,1060,504,0.4936352074146271,910,498,0.5444457530975342,1067,538,0.4544764459133148,908,534,0.3136841952800751,1013,552,0.5549608469009399,942,552,0.6146137714385986,1022,628,0.44677501916885376,943,631,0.479245662689209,1022,702,0.4443265497684479,941,703,0.52614426612854
7,0.5462571084499359,972,425,0.5574350953102112,1031,460,0.5650821924209595,924,456,0.5190381407737732,1060,503,0.49689561128616333,910,498,0.5447939038276672,1068,538,0.45261824131011963,910,536,0.3103324770927429,1010,552,0.5510794520378113,940,551,0.6143171787261963,1020,628,0.4454978406429291,940,631,0.4673631489276886,1021,697,0.46559393405914307,940,703,0.5262457728385925
8,0.5475080072879791,971,426,0.579003095626831,1031,460,0.5759196877479553,923,456,0.5230308771133423,1061,504,0.4893314242362976,909,498,0.5465651154518127,1068,538,0.4425307512283325,907,536,0.3158048391342163,1010,552,0.5497537851333618,940,552,0.6078581213951111,1020,628,0.4474799335002899,941,632,0.4653131067752838,1022,697,0.46173539757728577,940,703,0.5252722501754761
9,0.5457675337791443,970,426,0.590251088142395,1033,461,0.5759779214859009,923,457,0.5338265299797058,1064,505,0.4920346140861511,909,497,0.5397875905036926,1069,538,0.450457900762558,906,535,0.30601122975349426,1013,552,0.5357686281204224,942,551,0.602401852607727,1023,628,0.45683830976486206,946,632,0.48239609599113464,1024,696,0.4579911530017853,943,702,0.5180144906044006
10,0.5464455902576446,969,427,0.5888600945472717,1033,462,0.5722144842147827,922,457,0.5367532968521118,1065,505,0.4950218200683594,909,498,0.5412788391113281,1071,537,0.4610491394996643,901,537,0.43451473116874695,1015,552,0.5321250557899475,944,551,0.5984153151512146,1025,629,0.46265918016433716,950,633,0.48992815613746643,1022,701,0.4366499185562134,945,704,0.5145516395568848
11,0.5423153340816498,968,426,0.5805036425590515,1030,463,0.5638489127159119,921,458,0.5292513370513916,1064,505,0.5020114779472351,907,498,0.5483760833740234,1070,536,0.4946349263191223,909,537,0.30107972025871277,1015,551,0.5217888951301575,942,551,0.602847695350647,1025,630,0.46576258540153503,949,634,0.4918611943721771,1022,704,0.45407408475875854,943,704,0.5141556859016418
12,0.5382574081420898,969,426,0.5727071166038513,1023,461,0.5637387037277222,921,456,0.5260990858078003,1055,503,0.5615857839584351,904,496,0.5369730591773987,1061,539,0.4668217599391937,895,537,0.45413637161254883,1007,554,0.5148409008979797,940,555,0.570609986782074,1014,634,0.5147717595100403,951,635,0.44965362548828125,1014,713,0.4004391133785248,934,715,0.5096749067306519
13,0.5375294864177703,966,424,0.5447201132774353,1022,460,0.5414683818817139,923,456,0.5311139225959778,1055,503,0.5409767031669617,896,496,0.49353253841400146,1071,530,0.4380353093147278,881,536,0.46245014667510986,1006,554,0.5231752395629883,941,554,0.5851914286613464,1008,635,0.5178122520446777,948,637,0.47158846259117126,1012,715,0.4023055136203766,934,717,0.49123910069465637
14,0.5323525786399841,964,424,0.5293799042701721,1022,458,0.5120606422424316,918,456,0.5019637942314148,1064,501,0.5043166875839233,890,495,0.4699562191963196,1081,520,0.41853809356689453,864,529,0.42956721782684326,1007,552,0.5366387367248535,938,551,0.616295576095581,1007,632,0.5087416768074036,942,643,0.42302125692367554,1014,712,0.4035070836544037,932,713,0.5174527764320374
15,0.5073343575000763,965,423,0.5097989439964294,1022,454,0.4537126421928406,918,453,0.4744186997413635,1079,497,0.517655611038208,887,491,0.423480361700058,1092,522,0.535849392414093,862,532,0.38358911871910095,1005,549,0.5155230760574341,937,549,0.5870271325111389,1003,633,0.5010178089141846,944,644,0.44354304671287537,1011,715,0.4018900692462921,932,714,0.5143800377845764
16,0.4843135148286819,969,419,0.6392121911048889,1016,450,0.41806939244270325,915,452,0.4394279718399048,1078,488,0.47589507699012756,881,490,0.3694424331188202,1095,509,0.4391346275806427,869,528,0.5198385119438171,995,547,0.4658149182796478,930,547,0.589030385017395,993,631,0.4731541574001312,941,644,0.4311465620994568,1003,717,0.34400537610054016,928,718,0.5260751843452454
17,0.44860271811485286,971,418,0.6400608420372009,1004,453,0.4345897436141968,941,453,0.4381648600101471,1087,492,0.4560890793800354,881,490,0.48469090461730957,1116,513,0.3942134380340576,864,526,0.4557967782020569,1001,544,0.38267284631729126,942,545,0.48985156416893005,995,631,0.44850343465805054,957,631,0.43562906980514526,1006,715,0.37895670533180237,939,716,0.5303118824958801
18,0.4222149640321732,968,418,0.6196287870407104,1008,452,0.40914806723594666,937,453,0.40909162163734436,1033,495,0.26235446333885193,883,487,0.3603196144104004,1113,498,0.3248056173324585,850,514,0.43346312642097473,994,547,0.395269513130188,937,545,0.4591711759567261,983,633,0.37423935532569885,957,631,0.43168750405311584,981,712,0.30971193313598633,938,716,0.5139216184616089
19,0.4212344110012054,962,412,0.5758790373802185,1006,450,0.43091338872909546,949,449,0.44346094131469727,1028,481,0.3004053831100464,886,477,0.3850058615207672,1047,480,0.17498180270195007,871,477,0.39634189009666443,1003,540,0.3510742485523224,942,542,0.45917370915412903,984,637,0.40483543276786804,952,640,0.4075961112976074,978,713,0.31194689869880676,935,718,0.48801732063293457
20,0.37765256762504573,962,417,0.5224791169166565,988,447,0.31935057044029236,970,449,0.4057694375514984,936,474,0.2877134382724762,916,471,0.24553008377552032,965,480,0.14290598034858704,879,460,0.22208000719547272,981,544,0.3857077956199646,963,543,0.3764408826828003,963,629,0.4076358377933502,959,631,0.42554235458374023,967,718,0.4716162085533142,950,716,0.466609388589859
21,0.4262656211853027,965,404,0.5811819434165955,994,436,0.41249367594718933,969,437,0.43669676780700684,968,445,0.3656231462955475,940,444,0.31887581944465637,961,414,0.37387531995773315,945,416,0.3504047393798828,984,533,0.4356519877910614,966,532,0.4225318431854248,963,625,0.34352177381515503,958,627,0.385727196931839,970,719,0.4760073125362396,942,718,0.4683016240596771
22,0.41908682584762574,978,400,0.47713151574134827,994,432,0.4075235426425934,981,434,0.4326211214065552,968,444,0.3617599308490753,954,442,0.3176872134208679,964,426,0.2812741696834564,956,425,0.2646085321903229,987,528,0.43148165941238403,973,528,0.4259706437587738,966,628,0.39282312989234924,956,630,0.3697466254234314,971,720,0.4718974828720093,944,718,0.44474953413009644
23,0.40464005172252654,969,412,0.5601577758789062,1001,435,0.377856582403183,965,440,0.38833627104759216,1017,461,0.26506856083869934,952,444,0.294706255197525,983,426,0.30521249771118164,967,419,0.3833659589290619,984,537,0.3857283294200897,948,540,0.4396686553955078,974,629,0.42636847496032715,954,635,0.4223249852657318,978,718,0.4492599368095398,933,716,0.4786922335624695
24,0.4120283722877502,950,402,0.43627405166625977,968,437,0.44469553232192993,939,441,0.3797036409378052,960,438,0.41658228635787964,929,438,0.3597566783428192,986,412,0.3332384526729584,968,414,0.34682634472846985,976,525,0.4355349540710449,962,526,0.4024387001991272,959,624,0.40174591541290283,951,627,0.39471372961997986,967,709,0.4379591941833496,947,702,0.3950710892677307
25,0.36411353647708894,941,402,0.3382120132446289,920,435,0.34144362807273865,972,435,0.40403231978416443,887,446,0.2820795178413391,957,439,0.36276867985725403,869,420,0.2616162896156311,967,429,0.28362345695495605,940,523,0.37225252389907837,970,522,0.35993143916130066,940,622,0.4194229543209076,964,622,0.43966203927993774,947,697,0.4188935160636902,962,697,0.3678012788295746
26,0.4184006959199905,948,398,0.35482603311538696,931,429,0.38817059993743896,968,429,0.4806095063686371,871,421,0.3796975910663605,953,429,0.3950944244861603,873,396,0.3573199212551117,973,413,0.29820311069488525,940,521,0.43078798055648804,962,519,0.40522831678390503,939,619,0.4534468650817871,953,620,0.4206092953681946,951,700,0.41598638892173767,959,702,0.3892388641834259
27,0.37758254706859584,957,394,0.38189589977264404,921,419,0.39548781514167786,991,422,0.3837243616580963,883,428,0.32089877128601074,978,424,0.39284026622772217,872,406,0.36819007992744446,977,420,0.3526536822319031,938,517,0.3628135025501251,979,516,0.3642900288105011,939,613,0.341487318277359,975,617,0.4651143550872803,946,698,0.39944151043891907,971,700,0.3411291539669037
28,0.3482999444007873,970,399,0.38563206791877747,928,427,0.36493992805480957,1028,422,0.33900630474090576,881,429,0.37717896699905396,1055,427,0.361751526594162,862,390,0.3173844516277313,1046,412,0.2718355357646942,938,518,0.33846044540405273,993,517,0.3362639248371124,934,614,0.3252595067024231,984,619,0.4098963737487793,944,697,0.39092278480529785,976,699,0.30908915400505066
29,0.40334710478782654,932,393,0.2985380291938782,921,419,0.40235090255737305,975,424,0.43660494685173035,892,423,0.3300609290599823,966,419,0.38213589787483215,862,383,0.34332799911499023,968,407,0.2614036202430725,942,522,0.4203142821788788,976,520,0.411326140165329,938,623,0.44988545775413513,977,622,0.5183947086334229,945,702,0.40355539321899414,973,703,0.3354114592075348
30,0.3971626371145248,943,404,0.36194565892219543,967,435,0.4361559748649597,950,434,0.36930960416793823,974,431,0.3630387783050537,950,420,0.32975128293037415,971,397,0.2805556356906891,848,372,0.4598352313041687,971,532,0.4267111122608185,957,532,0.37473586201667786,956,625,0.39118146896362305,959,631,0.43509411811828613,968,713,0.4503384828567505,947,712,0.4534275233745575
31,0.4166649103164673,946,403,0.38774600625038147,996,439,0.43866127729415894,928,434,0.3812071681022644,1001,416,0.36469072103500366,851,391,0.382141649723053,1048,377,0.3666945993900299,843,369,0.5672903656959534,988,541,0.4291858375072479,943,543,0.4286489486694336,977,628,0.46877503395080566,947,632,0.4431266486644745,974,711,0.30870264768600464,937,711,0.45857933163642883
32,0.4119278848171234,956,403,0.42227643728256226,1008,435,0.4405336380004883,922,433,0.38244202733039856,1035,417,0.25725257396698,867,397,0.3685653507709503,1019,389,0.191404789686203,857,364,0.5878515839576721,1002,541,0.40009263157844543,938,542,0.4493216276168823,986,623,0.3135509788990021,934,623,0.335965633392334,983,711,0.33318066596984863,928,710,0.48955896496772766
33,0.4027499854564667,952,406,0.4109996557235718,990,437,0.3955851197242737,940,438,0.37057623267173767,978,415,0.3778974711894989,900,411,0.26933056116104126,969,395,0.3087281286716461,853,366,0.5576122999191284,990,543,0.42877909541130066,947,545,0.4348532259464264,983,630,0.45491132140159607,947,628,0.36512911319732666,975,712,0.31155872344970703,935,712,0.4804287254810333
34,0.4417081326246261,952,410,0.428679883480072,1008,442,0.44442710280418396,919,436,0.4348336160182953,1033,413,0.2534424364566803,868,394,0.37954849004745483,1043,361,0.2979567050933838,854,360,0.6128538250923157,997,544,0.42830726504325867,937,549,0.5049299597740173,986,626,0.3324837386608124,932,628,0.35928282141685486,985,712,0.3403966426849365,926,713,0.47813037037849426
35,0.40639362037181853,949,401,0.363941490650177,995,435,0.42571932077407837,913,425,0.3999730050563812,983,414,0.3842942416667938,868,391,0.35576769709587097,1018,382,0.18963223695755005,852,355,0.5619593858718872,995,539,0.3646388351917267,935,542,0.4706972539424896,990,622,0.348783016204834,930,623,0.35128694772720337,987,712,0.3307548463344574,924,713,0.4959384500980377
36,0.3699689328670502,947,396,0.36029520630836487,993,423,0.3985614478588104,907,420,0.3511123061180115,978,411,0.47321420907974243,881,394,0.26504477858543396,1044,350,0.3192693591117859,863,348,0.5158042907714844,995,535,0.318547785282135,936,540,0.4092252850532532,993,628,0.4597189128398895,929,624,0.35839033126831055,983,708,0.32378914952278137,922,706,0.4836082458496094
37,0.4221514284610748,964,404,0.5174862742424011,994,427,0.3856809735298157,936,428,0.417883962392807,968,409,0.5367007255554199,899,395,0.3139312267303467,1025,345,0.3288491368293762,862,342,0.48703476786613464,995,532,0.4453057050704956,948,533,0.43546438217163086,979,623,0.47341421246528625,937,623,0.35396039485931396,976,707,0.391106516122818,929,707,0.4881835877895355
38,0.42011347711086267,961,413,0.4986686110496521,990,439,0.42616087198257446,943,441,0.3924853801727295,967,410,0.48256582021713257,912,408,0.2886471152305603,1020,352,0.27104729413986206,857,344,0.4860970973968506,986,543,0.43360212445259094,953,545,0.43659132719039917,972,626,0.33539465069770813,952,630,0.4067278206348419,973,712,0.4206090569496155,936,709,0.4472295045852661
39,0.3401304274797439,957,408,0.42530497908592224,943,438,0.3700146973133087,1002,440,0.3778834342956543,908,423,0.28014421463012695,964,415,0.35577592253685,871,357,0.42937326431274414,980,398,0.286607563495636,948,539,0.28724682331085205,992,542,0.27750328183174133,947,628,0.3997533619403839,977,630,0.37453851103782654,948,712,0.45729395747184753,961,713,0.43924370408058167
40,0.3565683811903,954,402,0.4050830602645874,945,434,0.34292250871658325,979,435,0.39772045612335205,911,411,0.32082489132881165,953,414,0.3861136734485626,875,350,0.3917125463485718,979,385,0.24722743034362793,949,538,0.291613906621933,976,541,0.3797796964645386,949,627,0.4053533375263214,966,629,0.35385608673095703,950,711,0.4690134823322296,954,712,0.45534762740135193
41,0.3312729477882385,950,400,0.38034769892692566,953,429,0.347597599029541,974,429,0.33340761065483093,931,419,0.24059517681598663,951,412,0.39425212144851685,957,404,0.34663745760917664,965,403,0.32348698377609253,953,541,0.2930719554424286,970,542,0.3190736770629883,952,631,0.4179123342037201,965,635,0.39482033252716064,952,708,0.44507694244384766,951,709,0.42106032371520996
42,0.30724535584449764,956,412,0.3727080821990967,933,445,0.26987630128860474,1010,450,0.27189233899116516,904,435,0.2299315184354782,995,423,0.24417783319950104,963,407,0.306194543838501,995,406,0.30764564871788025,940,543,0.33534905314445496,1000,547,0.31907570362091064,940,633,0.42437371611595154,982,638,0.378423273563385,941,707,0.4537801146507263,959,707,0.36800557374954224
43,0.31187465488910676,953,409,0.3660273253917694,935,443,0.26715001463890076,1004,450,0.2749830484390259,906,409,0.3195677101612091,969,411,0.3798387348651886,923,390,0.1357039511203766,988,397,0.28389987349510193,941,543,0.3628665506839752,995,546,0.30603083968162537,939,635,0.42744681239128113,980,640,0.3937106132507324,944,706,0.38283100724220276,961,709,0.4132581353187561
44,0.3117549508810043,956,413,0.3736932873725891,933,461,0.2651207149028778,1016,453,0.2778681516647339,908,469,0.22535544633865356,981,414,0.36543580889701843,953,403,0.27941083908081055,988,403,0.292280912399292,941,548,0.33988282084465027,1005,550,0.32825717329978943,936,635,0.31890782713890076,988,643,0.38488978147506714,940,710,0.46688857674598694,965,709,0.37959420680999756
45,0.26490223705768584,956,409,0.336564302444458,939,467,0.2319367527961731,1025,473,0.1955638974905014,914,497,0.18294313549995422,1043,512,0.16022083163261414,953,531,0.13111159205436707,979,405,0.2788514792919159,949,559,0.3046785295009613,1006,564,0.2868616282939911,941,636,0.33248719573020935,985,641,0.37425917387008667,941,706,0.45922648906707764,958,706,0.3348482847213745
46,0.25784516930580137,957,409,0.3219063878059387,939,485,0.22713591158390045,1024,474,0.18102680146694183,927,523,0.21051645278930664,1041,515,0.14830632507801056,955,535,0.1325228065252304,1002,539,0.1489401012659073,958,561,0.3078508973121643,1002,566,0.28362491726875305,945,639,0.4057047665119171,984,641,0.3548247516155243,945,704,0.43951478600502014,956,705,0.31202393770217896
47,0.25444077849388125,958,410,0.3159741461277008,949,489,0.2003803253173828,1021,493,0.18104727566242218,927,525,0.22243215143680573,1046,535,0.1806422472000122,954,538,0.13708774745464325,1001,543,0.1449042409658432,960,562,0.312425822019577,1003,567,0.2836771011352539,946,639,0.3964565694332123,986,640,0.33561038970947266,946,704,0.4417922794818878,961,705,0.37752944231033325
48,0.2922498434782028,956,391,0.2657454311847687,907,424,0.28621289134025574,1036,425,0.28193795680999756,882,394,0.24112841486930847,1027,401,0.2745403051376343,865,358,0.3161301910877228,1008,406,0.2066936045885086,927,552,0.28218528628349304,1008,560,0.2959626019001007,926,638,0.3240627348423004,987,642,0.3627457022666931,932,706,0.4742799997329712,969,709,0.390381783246994
49,0.2584250971674919,963,406,0.3417998254299164,931,460,0.22954803705215454,1061,469,0.1804138571023941,906,496,0.1996466964483261,1084,517,0.17836157977581024,953,534,0.12700092792510986,975,403,0.2401081919670105,944,554,0.28107529878616333,1014,560,0.282562792301178,938,635,0.3935677707195282,984,635,0.355849951505661,939,706,0.49119335412979126,965,707,0.40203386545181274
50,0.2540370464324951,971,411,0.32324346899986267,954,486,0.17497359216213226,1089,500,0.21787482500076294,930,523,0.2123338282108307,1049,532,0.16713282465934753,948,566,0.13332177698612213,1003,543,0.1357565075159073,963,563,0.3045305609703064,1002,567,0.27381229400634766,947,637,0.38999542593955994,983,637,0.3174894452095032,946,705,0.4689142107963562,960,704,0.39204293489456177
51,0.28822503089904783,960,408,0.3233586251735687,935,458,0.22609829902648926,1026,447,0.2868043780326843,911,492,0.21973438560962677,1042,489,0.14539505541324615,954,529,0.13380996882915497,971,405,0.21929283440113068,949,547,0.327587366104126,1016,549,0.29798245429992676,941,634,0.41202038526535034,990,634,0.3660151958465576,943,707,0.47206106781959534,968,707,0.38711345195770264
52,0.2666738659143448,997,439,0.15549159049987793,956,487,0.2179911583662033,1092,500,0.2516060471534729,934,525,0.22496074438095093,1090,535,0.22933436930179596,953,563,0.12750376760959625,1009,542,0.13984452188014984,972,560,0.2985748052597046,1008,564,0.2840414047241211,951,635,0.3948650360107422,990,632,0.3488363027572632,950,704,0.44731953740119934,962,703,0.38244566321372986
53,0.26266227960586547,998,441,0.15533410012722015,954,489,0.20614641904830933,1094,503,0.24854156374931335,933,525,0.20713861286640167,1095,536,0.21980604529380798,954,562,0.11880802363157272,1076,550,0.13203804194927216,970,562,0.306605726480484,1008,566,0.2798571288585663,951,637,0.3785252571105957,993,634,0.3533681631088257,950,704,0.4480742812156677,963,703,0.37771397829055786
54,0.26256993412971497,961,412,0.3130497932434082,947,465,0.20902612805366516,1025,451,0.2595658600330353,926,517,0.211067795753479,1089,531,0.26340949535369873,954,532,0.131080761551857,1010,539,0.1446373462677002,963,553,0.27812522649765015,1013,558,0.27732053399086,947,633,0.40285685658454895,994,633,0.3784000277519226,947,704,0.4745522439479828,965,704,0.390158087015152
55,0.2551050767302513,962,409,0.3112848699092865,953,466,0.2317698895931244,1061,476,0.1806442141532898,932,519,0.21683306992053986,1090,532,0.2667165994644165,959,533,0.12577684223651886,1013,540,0.14217409491539001,969,556,0.28822267055511475,1012,561,0.2885761857032776,951,632,0.39169082045555115,994,631,0.36557307839393616,950,703,0.46144357323646545,962,702,0.38882720470428467
56,0.2665238857269287,958,409,0.29537132382392883,952,466,0.2301131784915924,1063,474,0.20174142718315125,933,518,0.2236269861459732,1087,531,0.27290216088294983,961,533,0.12581346929073334,1072,548,0.1414082944393158,967,557,0.31628522276878357,1017,562,0.3026587665081024,950,635,0.4176436960697174,996,634,0.38310644030570984,949,705,0.4647587239742279,963,705,0.3855935037136078
57,0.2780612111091614,968,413,0.3143911063671112,950,468,0.2397565394639969,1071,476,0.2057858407497406,929,523,0.23344239592552185,1096,533,0.2849768400192261,957,537,0.13435198366641998,1078,550,0.14347800612449646,966,559,0.3259640634059906,1020,564,0.30750373005867004,950,636,0.42027655243873596,997,634,0.38813942670822144,948,706,0.4857368767261505,963,705,0.40018653869628906
58,0.30374368429183957,964,412,0.34817779064178467,937,447,0.2948043644428253,1056,457,0.2642579674720764,908,491,0.22855278849601746,1095,529,0.30706867575645447,957,531,0.14217202365398407,1025,538,0.144803985953331,960,547,0.32589343190193176,1018,550,0.32025158405303955,946,633,0.4345671832561493,993,634,0.38233476877212524,946,707,0.48539838194847107,963,706,0.33908286690711975
59,0.2749031335115433,995,438,0.16679683327674866,952,467,0.239399254322052,1069,478,0.22281959652900696,928,521,0.2344520539045334,1097,533,0.29338645935058594,956,536,0.13410919904708862,1021,543,0.14787550270557404,966,558,0.3215923011302948,1017,564,0.3062000274658203,951,635,0.4020847678184509,994,634,0.37911713123321533,948,705,0.47103139758110046,962,705,0.33940213918685913
60,0.3542079836130142,949,399,0.2869696319103241,921,437,0.39898228645324707,1013,435,0.31895044445991516,899,423,0.30044686794281006,1019,412,0.2855943739414215,920,401,0.2175237536430359,1006,402,0.23067396879196167,939,546,0.39013585448265076,999,548,0.33487802743911743,940,634,0.46434879302978516,978,638,0.38599690794944763,939,708,0.4967429041862488,957,710,0.47305482625961304
61,0.3088384747505188,940,401,0.2890237271785736,962,441,0.22611631453037262,937,429,0.33399540185928345,942,420,0.28874704241752625,923,416,0.32027536630630493,962,407,0.37743282318115234,948,407,0.2875814735889435,965,542,0.3071080148220062,962,545,0.3219761252403259,956,634,0.456435889005661,958,637,0.4466523826122284,954,707,0.48419344425201416,944,707,0.4489324390888214
62,0.27877094745635983,942,404,0.28666624426841736,967,443,0.22282209992408752,955,446,0.20921671390533447,944,429,0.22850003838539124,917,416,0.29909399151802063,961,407,0.3593134880065918,944,406,0.26235467195510864,974,546,0.3054620623588562,966,549,0.3175194263458252,961,636,0.460187166929245,961,639,0.4483253061771393,958,707,0.47869473695755005,943,705,0.3516344726085663
63,0.27680450677871704,940,399,0.2716064453125,963,420,0.3439810574054718,955,459,0.16678154468536377,953,415,0.37843620777130127,910,413,0.2951700687408447,963,409,0.38569653034210205,934,406,0.20622193813323975,980,547,0.26964500546455383,964,549,0.2827170491218567,965,638,0.3438226580619812,960,641,0.44649988412857056,961,705,0.4538021385669708,943,704,0.34513959288597107
64,0.27643529176712034,944,399,0.3063279390335083,991,445,0.20750893652439117,928,440,0.24488776922225952,971,423,0.3146618902683258,905,416,0.2811461389064789,979,406,0.3994680345058441,933,407,0.1928752362728119,988,546,0.2939741611480713,950,545,0.3027763068675995,974,636,0.3530406057834625,956,638,0.47427666187286377,966,708,0.4627765119075775,939,705,0.3679365813732147
65,0.31120241880416866,941,397,0.2691316306591034,972,429,0.3085179924964905,927,428,0.32330450415611267,967,424,0.31032416224479675,906,414,0.2806967794895172,979,404,0.3689219653606415,936,402,0.23092752695083618,981,542,0.30531373620033264,959,544,0.3010499179363251,967,635,0.3493534326553345,959,637,0.4649229347705841,964,709,0.46877992153167725,940,707,0.45119622349739075
66,0.2722889572381973,943,399,0.2857588827610016,976,441,0.22982169687747955,948,443,0.2178107649087906,967,435,0.2105264812707901,911,418,0.2866021990776062,977,407,0.35611382126808167,938,408,0.18422812223434448,982,544,0.292249858379364,963,547,0.3078179657459259,967,636,0.3454742729663849,959,638,0.46007221937179565,963,708,0.46890440583229065,943,705,0.35162755846977234
67,0.26796476691961285,951,404,0.31666386127471924,973,456,0.1850976049900055,969,460,0.2115107774734497,947,434,0.2573874890804291,925,421,0.30457478761672974,967,411,0.3429408371448517,954,410,0.26358234882354736,977,544,0.2838776409626007,972,547,0.30436670780181885,959,634,0.45574668049812317,962,637,0.44027048349380493,956,706,0.48057320713996887,947,704,0.3462740480899811
68,0.291938379406929,952,407,0.32283759117126465,974,445,0.2530970573425293,966,448,0.24231117963790894,948,436,0.25559642910957336,927,424,0.29565635323524475,967,411,0.3221663534641266,955,411,0.2624467611312866,976,545,0.29394862055778503,972,548,0.31463074684143066,959,636,0.4598426818847656,963,639,0.44426798820495605,957,707,0.47394344210624695,947,705,0.3537023365497589
69,0.24244835674762724,970,413,0.3396088480949402,970,465,0.22798693180084229,1013,493,0.16769401729106903,939,511,0.1902848482131958,993,497,0.16944126784801483,968,527,0.127523735165596,1003,535,0.15132080018520355,973,559,0.28410351276397705,998,566,0.2588948607444763,959,639,0.4047447443008423,979,641,0.34287670254707336,951,702,0.4702413082122803,952,703,0.3363335430622101
70,0.24225690513849257,975,412,0.32860058546066284,960,486,0.18672628700733185,1048,500,0.1610625833272934,933,516,0.1951601505279541,1044,532,0.1784490942955017,960,559,0.14574623107910156,1008,537,0.16433407366275787,971,564,0.31134194135665894,997,569,0.26302558183670044,957,639,0.3855323791503906,983,640,0.3058203458786011,950,700,0.46441930532455444,954,701,0.39848777651786804
71,0.2641676694154739,972,412,0.3552350401878357,967,464,0.23778754472732544,1016,471,0.19646182656288147,936,512,0.20518621802330017,999,499,0.1858542263507843,966,526,0.14357925951480865,1007,534,0.16189371049404144,972,559,0.29531732201576233,1000,565,0.2693929374217987,958,638,0.417018324136734,983,639,0.3349565863609314,950,703,0.4783700704574585,954,703,0.41147464513778687
72,0.34991946220397946,961,397,0.3560819625854492,925,434,0.3498390018939972,1028,429,0.35091790556907654,899,411,0.3378407061100006,1034,408,0.3411635160446167,879,370,0.3430127501487732,1016,405,0.2653813362121582,934,544,0.3781766891479492,1005,544,0.3359646499156952,939,635,0.4114074110984802,982,638,0.36859458684921265,937,705,0.4426092207431793,958,706,0.3557363748550415
73,0.3584601700305939,950,400,0.3633681535720825,956,433,0.37470322847366333,967,435,0.3617665469646454,936,414,0.27522924542427063,952,416,0.36876925826072693,972,396,0.3140942454338074,977,397,0.27684828639030457,956,542,0.3319912552833557,971,545,0.3723779022693634,952,632,0.43885114789009094,964,636,0.4160189628601074,952,704,0.3738011419773102,947,707,0.39287012815475464
74,0.3648574650287628,949,400,0.37839174270629883,969,432,0.37251800298690796,944,432,0.373105525970459,965,416,0.4076666235923767,938,417,0.32793474197387695,982,395,0.33928382396698,969,395,0.2815448045730591,968,541,0.3690774440765381,958,544,0.3486434519290924,961,630,0.41888293623924255,958,633,0.41395965218544006,959,710,0.447652131319046,940,710,0.4619959592819214
75,0.36824655234813686,946,398,0.3506969213485718,972,430,0.37299975752830505,933,429,0.3863372802734375,972,415,0.4128915071487427,930,416,0.3181033730506897,985,396,0.3629106879234314,878,361,0.37965044379234314,974,540,0.36263203620910645,948,542,0.3692617118358612,960,626,0.3648013472557068,950,628,0.3959055244922638,961,710,0.45005083084106445,935,710,0.4657802879810333
76,0.39680681228637693,943,400,0.35423052310943604,985,436,0.40990620851516724,909,429,0.39843982458114624,983,412,0.4069761037826538,886,404,0.3029809892177582,1007,382,0.23070508241653442,864,352,0.46677640080451965,985,544,0.42342206835746765,939,545,0.41106295585632324,974,627,0.26498523354530334,940,629,0.42923903465270996,968,717,0.4411892592906952,929,716,0.4752102792263031
77,0.38933801054954525,938,398,0.31563708186149597,979,431,0.40681296586990356,908,425,0.37792301177978516,979,411,0.42170026898384094,877,390,0.2701170742511749,1006,381,0.2289394587278366,860,350,0.4730576276779175,984,541,0.40963199734687805,939,542,0.39409780502319336,968,627,0.41762056946754456,939,626,0.41295182704925537,966,714,0.44769948720932007,928,713,0.47514617443084717
78,0.3715020328760147,941,394,0.2995925843715668,979,427,0.39627182483673096,914,423,0.3468087911605835,979,412,0.4236842691898346,879,391,0.2630271911621094,994,395,0.3679923415184021,861,348,0.45041772723197937,987,538,0.37584224343299866,940,539,0.3568743169307709,972,628,0.4366748631000519,940,625,0.42830541729927063,968,716,0.4358963370323181,928,715,0.48618176579475403
79,0.37329058945178983,943,396,0.30720099806785583,981,429,0.40152132511138916,917,426,0.3596145510673523,979,414,0.41019800305366516,884,395,0.2643280327320099,1010,380,0.24435579776763916,853,349,0.2814275622367859,986,541,0.3936152458190918,940,542,0.3797910511493683,969,629,0.40510421991348267,940,627,0.42663365602493286,965,713,0.4440881609916687,927,712,0.472922146320343
80,0.3947879940271377,947,399,0.36291998624801636,990,433,0.406143456697464,908,429,0.4327913522720337,983,414,0.39138802886009216,878,392,0.2992154061794281,1013,374,0.19588443636894226,864,345,0.5798424482345581,987,543,0.3283494710922241,931,545,0.4376200735569,978,629,0.3154376745223999,931,628,0.4001002013683319,975,710,0.41298162937164307,920,716,0.4952065348625183
81,0.4302417784929275,955,402,0.40624257922172546,996,438,0.4487147033214569,916,431,0.4629715085029602,983,415,0.383081316947937,880,391,0.3114401400089264,994,392,0.27221164107322693,865,344,0.6317346096038818,988,545,0.3688502013683319,929,546,0.4665534794330597,983,627,0.3395836353302002,929,626,0.40441763401031494,985,712,0.3021141588687897,916,713,0.5182439088821411
82,0.3889953076839447,938,396,0.26940998435020447,988,432,0.4350098669528961,897,421,0.34730497002601624,975,414,0.39974358677864075,871,390,0.2882426381111145,990,395,0.3301636278629303,859,349,0.4886734187602997,986,542,0.426815390586853,923,541,0.37143707275390625,976,628,0.29046401381492615,930,626,0.3977743089199066,971,714,0.4051140546798706,917,713,0.5088189840316772
83,0.39315997958183285,938,397,0.2738935649394989,985,432,0.42954838275909424,900,424,0.3662213087081909,975,413,0.3999752998352051,873,390,0.291078120470047,990,396,0.3215602934360504,858,348,0.4726684093475342,986,540,0.41230833530426025,927,541,0.39286184310913086,980,630,0.47792187333106995,930,624,0.3566148579120636,973,712,0.415579229593277,920,710,0.4986441731452942
84,0.35154947042465207,950,390,0.29359200596809387,956,420,0.33463534712791443,981,417,0.4094046950340271,906,406,0.29390430450439453,967,415,0.3710133731365204,953,414,0.36525070667266846,968,414,0.33113330602645874,955,525,0.32149478793144226,977,526,0.35600975155830383,952,623,0.4558975100517273,970,625,0.4211834967136383,951,696,0.448172390460968,962,698,0.38243594765663147
85,0.33582870364189144,955,396,0.33672070503234863,955,423,0.33694660663604736,1017,427,0.3176359236240387,921,438,0.23748962581157684,1007,451,0.2701539993286133,948,414,0.28844255208969116,983,422,0.1898571401834488,967,528,0.36459293961524963,1005,529,0.34042805433273315,949,628,0.4562143385410309,980,628,0.4052698314189911,949,701,0.5156791806221008,958,702,0.4029448330402374
86,0.30129767060279844,960,391,0.2545589506626129,920,405,0.3321801424026489,1053,412,0.2986878752708435,905,420,0.2282220870256424,1018,430,0.2974919080734253,909,401,0.16747121512889862,1003,414,0.17218933999538422,962,522,0.29511594772338867,1017,524,0.296531081199646,949,618,0.39582282304763794,990,619,0.34655749797821045,947,702,0.4985560178756714,965,704,0.3947191834449768
87,0.21914950013160706,956,388,0.1917918622493744,908,398,0.2325541079044342,1066,401,0.21474502980709076,910,431,0.1313721239566803,1029,422,0.2377893626689911,938,409,0.18309612572193146,996,419,0.1382470279932022,947,533,0.18237417936325073,1026,528,0.19094416499137878,943,623,0.30197152495384216,983,628,0.25657254457473755,945,704,0.4670093357563019,962,706,0.3875552713871002
88,0.2142702594399452,961,389,0.21876758337020874,912,397,0.25750550627708435,999,400,0.2972746193408966,933,410,0.2204710692167282,994,410,0.2890157103538513,939,417,0.1493595987558365,973,407,0.17784903943538666,944,535,0.14527122676372528,993,540,0.14786852896213531,945,617,0.2018939107656479,974,614,0.1921437680721283,949,709,0.32456523180007935,961,710,0.2746918201446533
89,0.45574060678482053,946,408,0.37671977281570435,999,439,0.43513205647468567,911,436,0.45266613364219666,978,411,0.3917871117591858,873,385,0.2599802017211914,1038,352,0.25073057413101196,862,344,0.583432137966156,992,548,0.4220784902572632,929,552,0.564629077911377,989,633,0.4203808605670929,932,634,0.39039820432662964,988,717,0.3949044942855835,919,716,0.5322718620300293
90,0.45263094305992124,952,414,0.43406322598457336,992,444,0.36555740237236023,915,441,0.45250388979911804,985,412,0.3500930666923523,877,383,0.19386686384677887,1024,363,0.19743691384792328,865,347,0.6403149366378784,999,560,0.5078124403953552,921,558,0.5240544676780701,992,635,0.4311850965023041,924,634,0.4074039161205292,992,719,0.4036312997341156,911,718,0.4997122883796692
91,0.4440950721502304,944,413,0.4499567449092865,993,446,0.3691598176956177,912,439,0.44110387563705444,984,413,0.34739822149276733,869,379,0.2088010013103485,1014,367,0.2054973989725113,860,349,0.6385014057159424,994,555,0.5497224926948547,917,553,0.4651997983455658,985,630,0.4367577135562897,926,630,0.3721938729286194,984,713,0.35488781332969666,913,710,0.46578314900398254
92,0.4345751017332077,932,408,0.44809624552726746,996,444,0.42590248584747314,905,434,0.4353278875350952,985,416,0.33586984872817993,858,382,0.29539594054222107,1018,365,0.2186644822359085,856,350,0.5817365646362305,990,548,0.5192820429801941,916,547,0.39827069640159607,983,628,0.42084455490112305,926,628,0.38468822836875916,986,713,0.3521413803100586,917,710,0.465069055557251
93,0.43303758203983306,944,415,0.4924556612968445,984,446,0.3133337199687958,911,443,0.47321030497550964,988,416,0.31972041726112366,899,411,0.26037824153900146,1049,344,0.38037654757499695,860,347,0.5979143381118774,989,552,0.550294041633606,914,551,0.40118613839149475,989,632,0.4485350549221039,918,631,0.422569215297699,992,713,0.34645089507102966,913,711,0.48142459988594055
94,0.4338082283735275,946,417,0.5118934512138367,983,447,0.3261280655860901,913,446,0.4536949098110199,985,412,0.32671356201171875,897,407,0.27273160219192505,1046,343,0.33811676502227783,860,345,0.6281811594963074,991,553,0.547364354133606,916,552,0.4222477674484253,982,630,0.33997032046318054,920,630,0.39881762862205505,991,710,0.31417664885520935,913,710,0.4677320122718811
95,0.428601124882698,945,417,0.521327555179596,982,444,0.2970584034919739,907,443,0.47010061144828796,982,408,0.31932100653648376,869,384,0.32227152585983276,1042,344,0.3412967622280121,861,343,0.6109951138496399,994,552,0.5273555517196655,915,552,0.42271122336387634,989,635,0.422856867313385,917,632,0.37213775515556335,1002,709,0.23487554490566254,918,708,0.41664761304855347
96,0.4385238409042358,935,413,0.5244705677032471,998,444,0.4052342176437378,896,440,0.4132653474807739,1030,395,0.29456186294555664,858,385,0.35815390944480896,1045,354,0.4453413784503937,849,344,0.4920670688152313,987,553,0.5641452670097351,910,553,0.40645700693130493,983,630,0.3538183569908142,915,629,0.34513530135154724,1009,708,0.1495593786239624,917,707,0.4490014910697937
97,0.4452620148658752,947,414,0.5382505655288696,987,441,0.356446236371994,909,443,0.474833220243454,989,410,0.2715347707271576,864,388,0.32382628321647644,1047,343,0.41703876852989197,857,337,0.5852073431015015,994,553,0.5374305844306946,911,553,0.41647428274154663,993,636,0.4341760277748108,926,633,0.40001773834228516,1014,714,0.3333330750465393,915,711,0.4735267758369446
98,0.43791678249835964,939,411,0.5181005597114563,996,444,0.3913677930831909,903,439,0.4690130352973938,984,413,0.2714064419269562,864,388,0.2961108088493347,1044,347,0.3578721880912781,849,340,0.4850926101207733,991,550,0.5411157011985779,909,549,0.3799215853214264,992,634,0.41487202048301697,924,630,0.37877336144447327,1030,711,0.29379305243492126,916,710,0.42979997396469116
99,0.4541748851537704,934,409,0.5099354386329651,993,443,0.429724782705307,899,436,0.4485282003879547,981,415,0.31835106015205383,858,385,0.3009835183620453,1004,371,0.1291981190443039,851,340,0.4616001546382904,988,549,0.5283262133598328,913,551,0.4873524606227875,989,631,0.3839718699455261,923,628,0.3487994074821472,1009,714,0.3070181608200073,914,711,0.44113868474960327
100,0.4220598846673965,927,405,0.4898717403411865,989,442,0.41129449009895325,902,435,0.41045641899108887,984,415,0.30969080328941345,850,383,0.3121219277381897,971,378,0.24245941638946533,847,345,0.40264230966567993,989,549,0.4920998215675354,919,548,0.4178699851036072,985,632,0.36256277561187744,922,630,0.4057840406894684,1006,718,0.3305399417877197,920,714,0.4959653913974762
101,0.3881303668022156,924,397,0.35665324330329895,961,434,0.3806794583797455,932,434,0.375871866941452,977,413,0.34498852491378784,919,409,0.26259326934814453,970,384,0.2802201211452484,858,348,0.3173569440841675,969,541,0.4124118983745575,941,543,0.42423808574676514,963,624,0.29819706082344055,949,624,0.37009197473526,975,719,0.3954699635505676,939,712,0.4712734520435333
102,0.3809095114469528,927,398,0.3629360795021057,989,432,0.4086180627346039,918,431,0.3398771584033966,1008,429,0.311126708984375,907,413,0.25876665115356445,1012,380,0.31287962198257446,859,350,0.3332765996456146,994,541,0.39518311619758606,934,541,0.4178968667984009,980,624,0.3505074083805084,942,619,0.3767617642879486,997,715,0.25865375995635986,926,719,0.4758710265159607
103,0.353030851483345,931,400,0.3085634112358093,972,429,0.3794374167919159,929,428,0.3662542998790741,985,415,0.4026978313922882,945,415,0.3060486912727356,983,401,0.4148537516593933,872,360,0.3215276300907135,987,541,0.36431780457496643,951,541,0.2946662902832031,979,627,0.4675598740577698,959,629,0.45568355917930603,983,719,0.3885440230369568,944,720,0.40230825543403625
104,0.38392947316169734,937,408,0.3153417110443115,966,435,0.39180436730384827,951,437,0.37117528915405273,970,417,0.3794615566730499,955,418,0.3118865489959717,981,392,0.31232863664627075,975,392,0.25530165433883667,977,541,0.4119049906730652,968,541,0.4194034934043884,977,627,0.45056241750717163,975,622,0.2930038571357727,974,713,0.39890265464782715,958,714,0.38299474120140076
105,0.2596397757530212,946,392,0.2593145966529846,958,435,0.22798699140548706,1009,437,0.2226465344429016,938,485,0.12857557833194733,1014,472,0.241994708776474,966,514,0.13832524418830872,994,486,0.15711717307567596,973,536,0.29330387711524963,1004,539,0.2593173086643219,968,618,0.4194701910018921,993,618,0.4118231534957886,967,695,0.39312899112701416,973,694,0.3562270700931549
106,0.3245831936597824,941,394,0.27783524990081787,953,424,0.3393761217594147,978,424,0.3506363332271576,936,446,0.22760681807994843,988,446,0.22643092274665833,948,414,0.3405531048774719,966,415,0.2398296594619751,965,533,0.2866029143333435,979,535,0.3071984350681305,959,623,0.4848424792289734,976,623,0.4889993965625763,957,707,0.4424584209918976,956,708,0.43176448345184326
107,0.4355673342943191,953,408,0.437236487865448,1003,443,0.4488334357738495,919,431,0.44291001558303833,972,415,0.4285845160484314,879,387,0.3377743065357208,979,381,0.2836788594722748,865,344,0.5890509486198425,994,545,0.43826770782470703,933,547,0.4517480432987213,988,629,0.35999858379364014,931,628,0.44935235381126404,1020,712,0.29865187406539917,919,707,0.48737454414367676
108,0.44393810331821437,971,400,0.4874248504638672,1031,442,0.4588216543197632,918,431,0.4106863737106323,994,417,0.38119760155677795,882,387,0.24687246978282928,1005,396,0.1371828019618988,871,340,0.49898582696914673,1013,541,0.48255544900894165,938,540,0.45477497577667236,1011,630,0.4475436210632324,935,621,0.4465138912200928,1030,713,0.37920081615448,918,713,0.5598784685134888
109,0.32862762510776516,954,402,0.4225100576877594,1015,434,0.34869009256362915,935,428,0.34248602390289307,1012,460,0.24992358684539795,911,428,0.2728703022003174,972,411,0.30578845739364624,918,398,0.20195843279361725,1019,536,0.31175515055656433,966,537,0.3066253364086151,998,620,0.29269930720329285,966,624,0.4583839774131775,993,708,0.23685581982135773,941,707,0.511877179145813
110,0.3933262288570404,945,407,0.41193538904190063,1007,440,0.35487377643585205,920,428,0.40164461731910706,958,416,0.43740057945251465,883,408,0.3763197958469391,963,398,0.2620069980621338,858,339,0.42812174558639526,1006,543,0.4080011248588562,948,543,0.40151965618133545,989,628,0.3249864876270294,950,632,0.4687510132789612,982,713,0.4509069621562958,930,712,0.5319187045097351
111,0.25195768773555755,959,421,0.3934684693813324,1047,500,0.18249134719371796,946,488,0.1456693708896637,1050,550,0.18911370635032654,922,527,0.15840809047222137,1046,577,0.1470571607351303,877,356,0.359645277261734,1026,575,0.3190334439277649,956,571,0.2512533962726593,1014,644,0.44173958897590637,958,643,0.4295538067817688,986,712,0.48517686128616333,931,710,0.5258529782295227
112,0.34995250105857845,964,394,0.3934357762336731,1033,436,0.33561521768569946,938,423,0.3618764877319336,1038,467,0.22720849514007568,911,425,0.26164838671684265,985,404,0.28067055344581604,894,371,0.24264530837535858,1029,543,0.36665791273117065,965,541,0.3596690595149994,1013,628,0.37588217854499817,960,628,0.4193463921546936,1022,715,0.26159149408340454,935,718,0.49550074338912964
113,0.3807043820619583,968,397,0.40666061639785767,1029,442,0.3669065535068512,935,422,0.3749879002571106,976,414,0.39363494515419006,887,387,0.37832602858543396,976,392,0.21157723665237427,874,346,0.508578360080719,1029,546,0.4286820888519287,956,544,0.3360110819339752,1008,639,0.48206523060798645,955,636,0.49468210339546204,1025,713,0.2891843616962433,932,713,0.5255582928657532
114,0.18446794152259827,985,398,0.28490161895751953,1047,440,0.1636572927236557,964,423,0.22258970141410828,1043,448,0.16250713169574738,934,411,0.21901662647724152,1030,497,0.08234259486198425,900,372,0.16909953951835632,1024,542,0.142570361495018,983,542,0.16504420340061188,993,622,0.2257390022277832,967,622,0.23162779211997986,978,707,0.3094961643218994,949,696,0.2061987668275833
115,0.23206635266542433,1000,396,0.26911360025405884,992,415,0.3217259347438812,1024,419,0.31062716245651245,958,412,0.23715706169605255,1001,416,0.26527896523475647,983,403,0.16181039810180664,999,403,0.16575701534748077,1011,547,0.12657155096530914,1026,551,0.1451597809791565,975,637,0.19542518258094788,989,638,0.18978236615657806,956,709,0.3342007100582123,958,709,0.26505380868911743
116,0.25488085150718687,993,398,0.2950384020805359,1012,426,0.2742360532283783,1015,430,0.27336183190345764,997,426,0.22542108595371246,983,416,0.2725641429424286,969,396,0.1347227245569229,983,400,0.16117586195468903,1017,545,0.21995563805103302,1019,547,0.24193324148654938,983,634,0.24225978553295135,986,638,0.2783913314342499,965,710,0.39995020627975464,952,710,0.3283451497554779
117,0.27341122329235074,996,389,0.24071857333183289,994,410,0.3546547591686249,1051,421,0.25846031308174133,983,466,0.13473261892795563,1046,448,0.1541588306427002,1004,464,0.08797235041856766,996,414,0.1587943136692047,1007,544,0.255755215883255,1023,546,0.2634495496749878,976,625,0.2717319130897522,992,626,0.279617041349411,956,710,0.3468291759490967,960,711,0.28990069031715393
118,0.24503568112850188,997,397,0.24077430367469788,991,417,0.31972429156303406,1026,417,0.31581810116767883,972,411,0.2213018536567688,1002,410,0.25212979316711426,978,401,0.17319095134735107,996,399,0.17746089398860931,1015,564,0.19493266940116882,1039,568,0.16090582311153412,984,629,0.20862586796283722,1004,627,0.19503770768642426,964,712,0.2267049252986908,971,712,0.20104525983333588
119,0.21445224583148953,987,381,0.2799801230430603,1009,407,0.28597185015678406,1006,408,0.29392918944358826,988,409,0.2881854772567749,979,408,0.2294819951057434,978,405,0.20971868932247162,970,404,0.1912001073360443,1037,523,0.13264116644859314,1041,526,0.13410696387290955,1005,571,0.14183393120765686,1020,555,0.14312484860420227,1000,609,0.14075982570648193,1014,611,0.1504836231470108
120,0.33292969465255734,984,384,0.31457459926605225,985,410,0.3804643154144287,1032,412,0.38761019706726074,954,399,0.24565774202346802,1000,393,0.3245978355407715,914,361,0.29888615012168884,983,384,0.2579294443130493,1005,526,0.2953236699104309,1030,529,0.2977253496646881,980,628,0.3704841434955597,1005,629,0.3146752417087555,968,707,0.31878870725631714,968,707,0.2555777132511139
121,0.3099321395158767,1000,389,0.34011542797088623,1037,419,0.2846211791038513,1013,416,0.38259947299957275,1012,428,0.2661196291446686,985,415,0.3355717957019806,976,390,0.20432473719120026,977,396,0.25436022877693176,1025,534,0.2637876272201538,1016,537,0.2889236509799957,1000,632,0.30176374316215515,999,636,0.3487636148929596,977,721,0.3395508825778961,955,721,0.3249811828136444
122,0.3970150977373123,999,395,0.40757158398628235,1068,429,0.35922548174858093,964,421,0.3533156216144562,1054,422,0.21025963127613068,926,387,0.28957757353782654,998,374,0.276328980922699,907,351,0.5031938552856445,1048,542,0.4340691566467285,978,545,0.4374508857727051,1033,644,0.3981858789920807,969,642,0.43195489048957825,1043,721,0.46149662137031555,940,718,0.4676436185836792
123,0.33454941511154174,988,392,0.42110684514045715,1063,425,0.31359434127807617,966,418,0.2980861961841583,1054,423,0.215028777718544,922,383,0.26266297698020935,993,379,0.289584755897522,909,350,0.41881102323532104,1043,539,0.3467501401901245,980,542,0.3628990650177002,1017,640,0.3480657637119293,965,638,0.37597930431365967,1027,719,0.2598534822463989,942,720,0.33992740511894226
124,0.28670893609523773,991,384,0.36346569657325745,1044,413,0.2573355734348297,996,414,0.3237340748310089,989,395,0.32592523097991943,957,402,0.250038206577301,981,385,0.25938403606414795,910,356,0.38485145568847656,1043,528,0.26026254892349243,1009,531,0.27783262729644775,988,625,0.24782635271549225,971,629,0.30394038558006287,975,725,0.2983018159866333,954,714,0.22268430888652802
125,0.23911609053611754,1007,381,0.33019763231277466,993,410,0.32744112610816956,1101,410,0.23584552109241486,987,416,0.2357247769832611,1089,437,0.14144106209278107,981,407,0.1984512060880661,1013,404,0.1863325834274292,1013,524,0.21326196193695068,1056,524,0.17606671154499054,963,603,0.20743143558502197,994,602,0.1979249119758606,962,723,0.27515971660614014,961,698,0.10924606025218964
126,0.16806332767009735,1017,386,0.28791356086730957,1012,400,0.2395339012145996,1021,401,0.24073979258537292,994,411,0.2253437489271164,992,412,0.19827204942703247,1045,543,0.06961183249950409,1052,529,0.07713671773672104,1024,538,0.08422838896512985,1024,541,0.09593717008829117,975,583,0.11946804076433182,984,585,0.11328122764825821,972,638,0.09217072278261185,974,626,0.12945131957530975
127,0.1999347254633903,912,337,0.38641977310180664,921,353,0.2207215279340744,1007,394,0.2722761631011963,967,390,0.19289354979991913,978,398,0.22609664499759674,983,404,0.14566434919834137,983,407,0.1879023164510727,959,420,0.13326703011989594,979,428,0.13907478749752045,972,433,0.12238869816064835,968,451,0.10139847546815872,1002,450,0.04961143434047699,988,450,0.07211703062057495
128,0.28920567631721494,910,328,0.4883909523487091,911,338,0.41891512274742126,915,341,0.34726405143737793,904,358,0.26451608538627625,948,377,0.19702549278736115,963,393,0.18885821104049683,959,394,0.16602207720279694,943,396,0.18429283797740936,963,402,0.19737190008163452,952,409,0.21880285441875458,950,410,0.22445765137672424,976,421,0.12309464812278748,979,420,0.12425588816404343
129,0.2268669530749321,913,330,0.42250022292137146,912,342,0.33368125557899475,971,359,0.15299557149410248,955,383,0.22239239513874054,986,392,0.216752827167511,970,400,0.16234314441680908,972,399,0.1441274732351303,974,418,0.2087525576353073,979,420,0.1922636479139328,964,421,0.1424214094877243,967,423,0.13433538377285004,970,423,0.0939176082611084,977,423,0.09454545378684998
130,0.2305003359913826,917,339,0.39905279874801636,973,396,0.23830243945121765,986,397,0.23747825622558594,985,493,0.0989544615149498,1018,491,0.1038443073630333,1001,526,0.12897808849811554,1006,525,0.12710008025169373,1011,534,0.16901364922523499,1016,527,0.22411303222179413,971,617,0.24621592462062836,978,619,0.24612927436828613,958,704,0.27948349714279175,957,703,0.2413942515850067
131,0.19304125308990477,914,339,0.37181490659713745,1004,479,0.08778823912143707,989,401,0.24766917526721954,981,515,0.14263272285461426,1018,502,0.10886040329933167,999,550,0.1147792711853981,1012,536,0.11546610295772552,1012,544,0.18292050063610077,1017,548,0.19568413496017456,978,616,0.24252843856811523,984,618,0.21219027042388916,954,693,0.18563231825828552,960,692,0.21887396275997162
132,0.2897039204835892,972,388,0.3582325875759125,955,418,0.40916523337364197,1048,428,0.24230454862117767,918,391,0.26018789410591125,1061,393,0.24390725791454315,932,390,0.1710120141506195,1000,384,0.20635341107845306,975,541,0.2731095254421234,1035,544,0.22086204588413239,952,637,0.2775070071220398,991,642,0.35401421785354614,954,715,0.4060198962688446,962,717,0.34796327352523804
133,0.23094427734613418,987,582,0.15110446512699127,966,586,0.24139921367168427,984,584,0.24585400521755219,964,597,0.22774915397167206,992,592,0.15929687023162842,968,607,0.1804448664188385,977,606,0.19488012790679932,980,606,0.23502971231937408,987,609,0.22535750269889832,970,642,0.22251734137535095,977,641,0.21825075149536133,963,702,0.3423100709915161,966,683,0.19024035334587097
134,0.2126241624355316,981,573,0.10968155413866043,964,576,0.20728306472301483,977,575,0.19809648394584656,960,587,0.19116036593914032,969,586,0.18433479964733124,962,602,0.17318429052829742,967,602,0.18747307360172272,976,587,0.22816461324691772,979,590,0.22898700833320618,957,639,0.2830704152584076,968,640,0.21500562131404877,958,706,0.38036590814590454,952,704,0.22880814969539642
135,0.20933990031480787,959,375,0.2674778401851654,963,555,0.17276331782341003,986,400,0.2653351426124573,938,554,0.12748441100120544,1061,529,0.10186529904603958,961,586,0.12703192234039307,969,595,0.1816735416650772,977,569,0.21264690160751343,994,573,0.1679316610097885,957,635,0.27744659781455994,974,631,0.24649012088775635,957,708,0.4023713171482086,955,708,0.36983996629714966
136,0.2997168481349945,944,375,0.25545966625213623,947,406,0.33645448088645935,982,407,0.34603145718574524,943,410,0.30957046151161194,978,413,0.2659717798233032,952,400,0.17571553587913513,967,398,0.19058486819267273,970,537,0.24312451481819153,985,540,0.2641567587852478,951,629,0.3584778904914856,972,631,0.2873762547969818,954,721,0.486431360244751,957,721,0.4104936122894287
137,0.2811499685049057,947,373,0.24351346492767334,949,404,0.3174435794353485,979,404,0.2938213348388672,941,491,0.101514533162117,959,404,0.22769758105278015,960,538,0.09844324737787247,954,395,0.16338810324668884,971,559,0.24332787096500397,981,562,0.2595140337944031,953,638,0.33002573251724243,972,640,0.27549365162849426,956,722,0.45039063692092896,957,723,0.3810596466064453
138,0.24142830520868303,955,376,0.23620283603668213,946,388,0.2816373109817505,973,388,0.2662453353404999,952,559,0.11035579442977905,1001,532,0.0754765197634697,953,596,0.13903509080410004,959,596,0.15439386665821075,971,570,0.21034207940101624,975,572,0.21520303189754486,954,640,0.2682870626449585,965,640,0.22016310691833496,955,723,0.41084304451942444,954,722,0.3700508773326874
139,0.26772482991218566,953,375,0.26818758249282837,945,405,0.2858472168445587,988,403,0.2715694308280945,932,527,0.10402210801839828,966,393,0.2758741080760956,958,543,0.09027684479951859,1051,539,0.10199257731437683,969,562,0.2524033188819885,986,565,0.2636198103427887,950,638,0.30294471979141235,975,640,0.23683999478816986,952,724,0.4408749043941498,958,724,0.3816750645637512
140,0.25424245893955233,962,384,0.30473873019218445,941,413,0.3083615303039551,1028,412,0.25537171959877014,911,427,0.17425943911075592,997,410,0.2077925056219101,876,348,0.3112741708755493,1029,435,0.0708729699254036,967,544,0.22472330927848816,1018,548,0.2050342708826065,948,639,0.33625656366348267,994,642,0.2620863914489746,949,724,0.4310445189476013,966,725,0.3509535491466522
141,0.27349372804164884,958,384,0.32660818099975586,943,412,0.33420222997665405,1019,414,0.2928194999694824,912,424,0.18450121581554413,990,412,0.24272416532039642,874,342,0.3675265312194824,1012,412,0.08412826061248779,967,539,0.2261851727962494,1015,544,0.21952028572559357,951,634,0.32961881160736084,992,639,0.25597360730171204,951,720,0.4390484392642975,963,721,0.3623293936252594
142,0.29455022513866425,960,386,0.34978875517845154,945,413,0.3590599596500397,1014,415,0.29430830478668213,912,430,0.19995549321174622,967,399,0.30563080310821533,878,344,0.327786922454834,957,381,0.2027733027935028,968,541,0.2643958032131195,1011,545,0.23790889978408813,951,630,0.3263886272907257,995,634,0.25394681096076965,952,720,0.46283620595932007,962,720,0.377159982919693
143,0.2729505211114883,957,380,0.3408943712711334,946,409,0.32471156120300293,988,408,0.3082479238510132,935,516,0.12794864177703857,1049,472,0.11286379396915436,971,540,0.11733243614435196,1051,539,0.14566670358181,975,546,0.25417959690093994,1009,549,0.22386515140533447,958,634,0.25567254424095154,1001,638,0.26121029257774353,955,720,0.44810590147972107,964,720,0.38362693786621094
144,0.29851171374320984,883,327,0.4919676184654236,885,338,0.29380711913108826,915,340,0.28214728832244873,880,364,0.30772536993026733,954,384,0.3400711715221405,923,393,0.2751546800136566,935,400,0.26512399315834045,903,397,0.2725263237953186,959,416,0.3247375190258026,920,418,0.26245105266571045,932,419,0.23402981460094452,935,429,0.16755984723567963,951,428,0.15451940894126892
145,0.10087778493762016,1113,524,0.09926216304302216,1132,517,0.15101709961891174,976,574,0.09654334932565689,1038,585,0.05747183412313461,971,590,0.08904402703046799,1039,598,0.059138040989637375,1000,603,0.06672867387533188,992,587,0.07389668375253677,976,587,0.09765610098838806,961,618,0.12362129241228104,990,619,0.09556923806667328,984,692,0.07850539684295654,987,692,0.07952013611793518
146,0.11296684220433234,992,587,0.12352157384157181,974,583,0.1377885788679123,980,581,0.14056259393692017,993,593,0.08306914567947388,976,595,0.13169905543327332,1030,606,0.08668846637010574,973,615,0.10684262216091156,993,594,0.0824347510933876,994,595,0.0869482159614563,976,619,0.12752419710159302,992,620,0.09529401361942291,989,669,0.1011701375246048,993,668,0.10214846581220627
147,0.11812470257282257,1015,565,0.05677618458867073,990,562,0.09728328138589859,992,574,0.1463007926940918,973,589,0.14410723745822906,1010,574,0.09491598606109619,979,604,0.09163474291563034,987,604,0.09579038619995117,993,589,0.11689527332782745,999,590,0.12370096147060394,975,626,0.17982706427574158,988,633,0.10595451295375824,977,698,0.10620848834514618,981,697,0.10469379276037216
148,0.21704938709735866,971,381,0.2809348404407501,970,409,0.29050737619400024,996,406,0.2780161499977112,978,492,0.1027093455195427,979,408,0.24418897926807404,996,528,0.08687131106853485,1033,534,0.10873271524906158,1006,557,0.13704679906368256,1021,550,0.16130957007408142,970,622,0.21194928884506226,977,623,0.1796426773071289,963,714,0.2787502110004425,961,714,0.2576889991760254
149,0.33464532196521757,967,389,0.4132552444934845,997,418,0.3655775785446167,981,418,0.38349631428718567,959,398,0.3452373147010803,971,400,0.24541449546813965,870,334,0.3332746922969818,872,335,0.2755347788333893,1010,529,0.2898792326450348,1007,532,0.28535282611846924,970,627,0.3331192433834076,971,631,0.3471820652484894,963,723,0.38089486956596375,952,724,0.33369821310043335
150,0.20257321000099182,970,384,0.3109321892261505,956,394,0.29833438992500305,985,394,0.28521955013275146,957,409,0.21525172889232635,975,406,0.2023264616727829,987,529,0.068256676197052,1013,531,0.0568556934595108,992,556,0.12129224836826324,1009,545,0.10482265800237656,946,615,0.1659616231918335,960,616,0.15642225742340088,949,699,0.15305441617965698,951,698,0.1405268758535385
151,0.21441055089235303,983,391,0.3174085319042206,998,413,0.26459670066833496,1011,412,0.2590007781982422,1015,495,0.09463914483785629,1019,495,0.09280324727296829,1022,535,0.09599891304969788,1022,534,0.0922524631023407,1012,543,0.15212219953536987,1012,546,0.17376495897769928,966,617,0.2447388619184494,972,619,0.2425144612789154,960,715,0.24961064755916595,958,705,0.2050648033618927
152,0.10980230942368507,1034,588,0.12350025027990341,994,584,0.1318524032831192,1033,583,0.10126890242099762,1025,589,0.10493164509534836,1037,591,0.09619708359241486,1025,597,0.09616927057504654,1031,599,0.09905914962291718,1003,588,0.10615646094083786,1024,591,0.09810055047273636,975,614,0.12806373834609985,989,612,0.09940644353628159,1014,675,0.11424127221107483,1020,674,0.1174837127327919
153,0.18718973994255067,920,332,0.4342556893825531,952,377,0.29120007157325745,1130,486,0.13328710198402405,939,388,0.2558600902557373,1100,495,0.11292983591556549,1028,542,0.07901183515787125,1083,528,0.12115798890590668,1019,539,0.12920543551445007,1046,541,0.11641908437013626,982,594,0.16528184711933136,1025,592,0.1663559228181839,975,655,0.13032996654510498,995,654,0.1384570449590683
154,0.27990112006664275,1000,393,0.28134429454803467,988,415,0.38392579555511475,1053,425,0.28711816668510437,954,400,0.2839040756225586,1050,416,0.163109689950943,971,392,0.15029381215572357,996,379,0.20479445159435272,1020,542,0.24372442066669464,1052,544,0.22213107347488403,999,635,0.3283858597278595,1022,632,0.2927258312702179,982,723,0.25987643003463745,974,714,0.24895675480365753
155,0.27892176508903505,994,394,0.3018497824668884,1030,423,0.26416584849357605,1001,423,0.2921116352081299,985,393,0.30265116691589355,977,395,0.27501001954078674,1090,333,0.31132635474205017,925,350,0.3942979574203491,1039,543,0.2441270649433136,1011,546,0.2693187892436981,1017,631,0.31747257709503174,997,632,0.33028241991996765,1023,721,0.2548825144767761,962,724,0.2501440644264221
156,0.3160093307495117,984,375,0.2835661768913269,958,405,0.3498203456401825,1050,410,0.3018757402896881,903,362,0.37522658705711365,1072,384,0.2859359085559845,910,355,0.274442195892334,1096,333,0.41492989659309387,992,537,0.2881205677986145,1051,528,0.29043078422546387,983,635,0.3819738030433655,1031,637,0.38851645588874817,960,725,0.36425477266311646,982,718,0.30340880155563354
157,0.31141900718212123,999,387,0.25977587699890137,963,410,0.36025336384773254,1076,415,0.3519587516784668,947,395,0.26996883749961853,1073,388,0.2796958088874817,904,349,0.37674880027770996,1096,338,0.3891170024871826,1000,531,0.27362707257270813,1061,530,0.2643393576145172,973,637,0.31858816742897034,1032,640,0.3647140860557556,960,725,0.34350070357322693,1018,692,0.20770137012004852
158,0.25373602509498594,998,388,0.23681393265724182,986,408,0.3580024838447571,1079,424,0.21942362189292908,957,394,0.26521700620651245,1057,404,0.20939196646213531,974,393,0.1798209547996521,1003,382,0.23712706565856934,1010,541,0.20684121549129486,1058,531,0.22134976089000702,978,633,0.2609313428401947,1026,634,0.22963817417621613,965,715,0.2581586539745331,1000,717,0.17016080021858215
159,0.31252880692481994,997,391,0.26897063851356506,972,412,0.3870669901371002,1055,421,0.28109726309776306,956,398,0.32265186309814453,1063,393,0.28343358635902405,911,345,0.41446661949157715,1109,330,0.42381125688552856,1007,539,0.28254997730255127,1056,532,0.29494279623031616,980,635,0.3466649651527405,1033,638,0.36515727639198303,963,725,0.3609721064567566,1005,717,0.1580316573381424
160,0.36728870570659633,998,394,0.3097427189350128,994,425,0.43348750472068787,1039,428,0.33009853959083557,968,393,0.3139770030975342,1053,397,0.28251802921295166,908,337,0.47150135040283203,1113,327,0.45720022916793823,1018,547,0.3842065930366516,1039,546,0.33282479643821716,998,642,0.35269975662231445,1008,645,0.33407875895500183,978,715,0.3617737293243408,965,717,0.3572310507297516
161,0.3737613409757614,999,392,0.26954758167266846,967,418,0.44136321544647217,1055,421,0.39118826389312744,952,399,0.3403153121471405,1068,396,0.3306806981563568,906,342,0.43594229221343994,1115,333,0.49207958579063416,999,543,0.3635052442550659,1056,544,0.3232431411743164,975,641,0.44785016775131226,1034,644,0.3737431764602661,962,726,0.38831445574760437,1005,727,0.17697502672672272
162,0.31643904745578766,1004,390,0.26588568091392517,982,412,0.3871449828147888,1072,414,0.31587904691696167,953,396,0.27905336022377014,1072,391,0.291705459356308,989,382,0.24760647118091583,1110,342,0.41402822732925415,1008,530,0.32044336199760437,1059,530,0.2561323940753937,976,629,0.3565651476383209,1029,619,0.21946385502815247,962,729,0.36655721068382263,981,730,0.2415110021829605
163,0.31350132524967195,998,388,0.25145870447158813,963,408,0.3623638451099396,1055,410,0.3362594544887543,944,394,0.27020570635795593,1072,388,0.3103967308998108,907,347,0.3977629542350769,1112,338,0.44067224860191345,997,539,0.2667877972126007,1055,532,0.2702414095401764,973,632,0.3754223585128784,1015,633,0.28893983364105225,963,728,0.3826477825641632,979,724,0.30703797936439514
164,0.21107954084873198,995,372,0.2514060139656067,987,401,0.27503064274787903,1039,399,0.27968892455101013,969,396,0.2010682374238968,1013,386,0.3051266074180603,977,383,0.2195347547531128,1010,381,0.21873502433300018,1006,541,0.1291559338569641,1047,542,0.11426927894353867,954,620,0.24512161314487457,993,619,0.18763691186904907,962,730,0.30098968744277954,981,731,0.22424493730068207
165,0.25697199702262874,923,334,0.38510963320732117,910,345,0.3393482565879822,997,370,0.1967981904745102,899,367,0.22985418140888214,995,389,0.27259138226509094,961,386,0.1903904378414154,995,387,0.195749431848526,978,419,0.25607120990753174,995,419,0.22606950998306274,968,421,0.19477228820323944,994,422,0.18448761105537415,976,416,0.09792759269475937,1002,414,0.12084481865167618
166,0.2045411258935928,913,331,0.2851424217224121,907,344,0.22144736349582672,990,379,0.19133660197257996,947,386,0.21478667855262756,965,383,0.20274220407009125,958,393,0.1804938018321991,967,392,0.15822124481201172,970,412,0.21107207238674164,976,403,0.19552791118621826,958,415,0.19991175830364227,972,417,0.19673627614974976,967,418,0.1149325892329216,982,418,0.1260755956172943
167,0.10676539540290832,1302,592,0.17118330299854279,1310,599,0.1332930624485016,1321,599,0.12500770390033722,1301,606,0.09914547204971313,1330,616,0.0872424766421318,1330,627,0.07672035694122314,1352,637,0.07095120847225189,1292,632,0.07045884430408478,1287,619,0.09819722175598145,1280,617,0.09245980530977249,1295,633,0.07593437284231186,1398,703,0.12289828062057495,1401,702,0.11202679574489594
168,0.24780681282281875,896,327,0.4036848545074463,895,337,0.26350831985473633,920,337,0.25174781680107117,879,356,0.2525288164615631,954,381,0.24856260418891907,898,365,0.22927574813365936,940,388,0.18319357931613922,910,389,0.23087961971759796,965,402,0.21557627618312836,928,404,0.21049591898918152,946,414,0.17575103044509888,928,409,0.17499379813671112,943,409,0.16909421980381012
169,0.2614023208618164,996,393,0.24307487905025482,1002,412,0.3315160274505615,1042,424,0.22555731236934662,1011,442,0.1572483479976654,999,416,0.25922083854675293,971,401,0.185471773147583,976,399,0.18862102925777435,1024,527,0.25308120250701904,1024,529,0.26184916496276855,982,615,0.23477506637573242,990,619,0.2655656039714813,970,711,0.17340369522571564,968,711,0.17036986351013184
170,0.33263943195343015,991,397,0.344740092754364,1054,433,0.34621119499206543,964,426,0.3709353506565094,1056,418,0.20894750952720642,937,399,0.24513643980026245,1044,379,0.16485798358917236,867,336,0.31781741976737976,1049,537,0.3206222653388977,990,539,0.31498846411705017,1022,635,0.2718107998371124,977,636,0.32250678539276123,1029,719,0.2821759283542633,952,722,0.3071071207523346
171,0.3581853777170181,992,394,0.31430259346961975,1044,429,0.33970093727111816,962,424,0.38072073459625244,1054,395,0.2734547555446625,925,393,0.3533615469932556,1095,329,0.3948911428451538,877,329,0.4167993664741516,1046,534,0.34278878569602966,988,535,0.3894825875759125,1020,636,0.25086721777915955,981,638,0.36914217472076416,1028,718,0.26747840642929077,947,721,0.2539699673652649
172,0.3272631764411926,973,386,0.3161782920360565,973,416,0.40423744916915894,1018,418,0.3751581013202667,958,405,0.38518810272216797,1052,393,0.22842442989349365,880,333,0.4095926880836487,1104,333,0.4000598192214966,1009,524,0.296191543340683,1039,528,0.256391316652298,978,624,0.32779914140701294,996,629,0.30230823159217834,968,711,0.26449793577194214,968,722,0.2718808352947235
173,0.3414028584957123,990,392,0.21059828996658325,952,420,0.43734052777290344,1052,428,0.28340521454811096,941,406,0.3696521520614624,1063,394,0.2769550085067749,877,335,0.4541100859642029,1102,335,0.43283286690711975,984,528,0.36394646763801575,1045,529,0.3103276193141937,955,629,0.2993760406970978,1004,634,0.34424617886543274,957,724,0.3316055238246918,987,724,0.19014525413513184
174,0.36091187596321106,975,389,0.30627021193504333,941,421,0.35539740324020386,1080,423,0.34593749046325684,916,403,0.3520684838294983,1071,395,0.3171461820602417,872,334,0.46445363759994507,1104,332,0.4727490246295929,971,528,0.41268178820610046,1053,529,0.3497745990753174,954,632,0.40389591455459595,1008,637,0.36626553535461426,950,724,0.36233529448509216,1006,723,0.2738737165927887
175,0.29124181866645815,965,379,0.26909565925598145,940,410,0.3293181359767914,1063,412,0.29252249002456665,914,401,0.31289875507354736,1068,393,0.2896818220615387,869,343,0.44463053345680237,1104,336,0.39299139380455017,977,521,0.29834145307540894,1052,523,0.25024276971817017,956,622,0.3333945870399475,1012,619,0.2723316252231598,953,710,0.2842269241809845,988,674,0.14722757041454315
176,0.27108698934316633,985,385,0.20098163187503815,961,413,0.3811393082141876,1033,415,0.3016469180583954,942,410,0.315726637840271,1059,396,0.1851765662431717,949,377,0.1507578194141388,1107,333,0.30887213349342346,1006,525,0.24057553708553314,1048,529,0.20847928524017334,962,615,0.18690919876098633,996,619,0.1898249089717865,962,709,0.24779605865478516,966,710,0.21904876828193665
177,0.3581984549760818,987,395,0.2348172664642334,973,421,0.41298818588256836,1017,422,0.39708879590034485,947,411,0.3643156588077545,1047,399,0.21301279962062836,879,336,0.4311820864677429,1097,335,0.3633246421813965,1005,528,0.3382781147956848,1019,532,0.3381885290145874,972,627,0.35434490442276,986,632,0.28661930561065674,965,720,0.3222307562828064,958,719,0.22049181163311005
178,0.24038996398448942,991,391,0.17629823088645935,958,411,0.3633202314376831,1061,423,0.20344634354114532,943,415,0.2818116545677185,1009,413,0.2593904733657837,955,396,0.159408301115036,1010,414,0.09572440385818481,1008,533,0.19705897569656372,1044,537,0.20046056807041168,971,616,0.3069409430027008,996,620,0.2847532331943512,964,704,0.24452754855155945,965,712,0.26148083806037903
179,0.2592805057764053,988,386,0.21863529086112976,967,413,0.36987927556037903,1055,424,0.21818439662456512,949,415,0.30078741908073425,1022,415,0.17404554784297943,961,395,0.15614624321460724,1005,381,0.14590519666671753,1012,527,0.2517537474632263,1048,531,0.22071579098701477,972,620,0.29331231117248535,995,624,0.2696903347969055,966,705,0.2526617646217346,965,709,0.17207443714141846
180,0.23017334640026088,887,329,0.4197368025779724,898,352,0.188747838139534,987,382,0.25524717569351196,873,364,0.24084338545799255,964,386,0.2529926300048828,920,387,0.20761245489120483,954,401,0.1699994057416916,907,396,0.2169940173625946,974,405,0.21396973729133606,927,411,0.22008448839187622,952,418,0.16113702952861786,932,415,0.15605492889881134,950,415,0.15568073093891144
181,0.13610024005174637,1002,380,0.23512476682662964,1114,497,0.16641773283481598,1146,498,0.14278946816921234,967,403,0.21510004997253418,986,400,0.21382561326026917,1050,547,0.08429871499538422,1063,532,0.07794970273971558,1022,538,0.08772651106119156,1050,541,0.09974493831396103,985,588,0.1383400708436966,998,589,0.12964005768299103,983,633,0.11939281970262527,992,633,0.12746521830558777
182,0.08953005969524383,1204,526,0.12447752058506012,1159,528,0.11683443933725357,1215,537,0.09508766233921051,1128,545,0.05186960846185684,1177,554,0.04885106161236763,1127,580,0.04482768848538399,1140,565,0.05336053669452667,1117,564,0.07378408312797546,1129,566,0.08006510138511658,1017,605,0.09103063493967056,1070,590,0.0780954658985138,1011,662,0.07399719953536987,1030,625,0.09487055242061615
183,0.16428376734256744,966,372,0.14327409863471985,961,385,0.19840453565120697,982,386,0.18751662969589233,968,400,0.1954811066389084,972,398,0.16996705532073975,965,400,0.15686070919036865,966,399,0.13878118991851807,971,425,0.15789109468460083,975,426,0.16311980783939362,983,509,0.0689774751663208,990,512,0.06814640015363693,985,547,0.05383604019880295,988,546,0.05679105222225189
184,0.22114879786968228,982,378,0.22807812690734863,963,401,0.2816281318664551,1012,404,0.25605517625808716,962,410,0.27398407459259033,980,406,0.2520468533039093,998,531,0.09498994052410126,1044,535,0.11170021444559097,1019,534,0.1599121242761612,1026,527,0.19829650223255157,988,609,0.25992777943611145,997,612,0.23495984077453613,969,692,0.2352016121149063,968,692,0.22156183421611786
185,0.2317585691809654,964,377,0.2438359260559082,962,403,0.2878969609737396,1012,407,0.2568298280239105,961,411,0.26777133345603943,980,407,0.24386601150035858,999,531,0.09887268394231796,1043,536,0.11843214929103851,1019,534,0.1769953817129135,1026,528,0.21669429540634155,988,610,0.2848220765590668,996,613,0.27634111046791077,970,696,0.25922685861587524,967,697,0.24299880862236023
186,0.24046981334686277,957,374,0.23931962251663208,958,401,0.30059608817100525,1008,405,0.26850491762161255,957,409,0.2847241759300232,977,406,0.24392348527908325,992,531,0.09906651079654694,1001,469,0.07001867145299911,1013,524,0.20424234867095947,1022,527,0.21397796273231506,977,610,0.2860470116138458,986,613,0.2927094101905823,967,696,0.2690578103065491,965,697,0.25069719552993774
187,0.24887541383504866,959,373,0.24051953852176666,956,401,0.3129267990589142,1016,404,0.2773233950138092,953,408,0.27983778715133667,999,408,0.2336001992225647,977,527,0.12012859433889389,1023,481,0.09033868461847305,1011,522,0.21310552954673767,1029,525,0.2228572815656662,975,609,0.2988249659538269,995,613,0.30338534712791443,965,698,0.29086121916770935,967,699,0.2567373514175415
188,0.2494881838560104,959,372,0.2461632937192917,953,401,0.3138776123523712,1022,404,0.29458048939704895,949,409,0.2791268825531006,1004,408,0.2565629482269287,977,497,0.09932304173707962,1028,481,0.09366963803768158,1006,521,0.21597915887832642,1049,524,0.20659565925598145,971,609,0.3054277300834656,1002,613,0.30094441771507263,961,698,0.3061775863170624,968,701,0.1971435546875
189,0.23965927362442016,980,375,0.2148621529340744,955,401,0.3130571246147156,1024,403,0.2758690118789673,951,409,0.2662680149078369,1006,408,0.23490631580352783,990,530,0.09906931966543198,1047,511,0.10853643715381622,1011,522,0.21263733506202698,1051,526,0.20073255896568298,977,606,0.26206332445144653,1003,610,0.25820913910865784,963,691,0.2535054087638855,968,692,0.16482603549957275
190,0.23401552289724348,966,375,0.25164759159088135,958,404,0.3319701850414276,1053,422,0.19188952445983887,952,410,0.2763167917728424,1039,451,0.131787970662117,997,501,0.07899770140647888,1029,482,0.09889151901006699,1012,523,0.2277863770723343,1050,526,0.21112431585788727,975,605,0.27863967418670654,1001,610,0.28217652440071106,963,697,0.2705378234386444,965,700,0.1846732497215271
191,0.29531886279582975,965,379,0.2952922582626343,955,407,0.37103280425071716,1022,411,0.3276764452457428,938,418,0.21948041021823883,998,412,0.2701696455478668,955,412,0.10899203270673752,986,401,0.15248320996761322,1006,520,0.26210594177246094,1029,524,0.2735612094402313,966,608,0.3448641300201416,999,613,0.3631640672683716,961,702,0.33151063323020935,970,706,0.2009199857711792
192,0.2727557957172394,887,326,0.3907788395881653,890,337,0.2936461865901947,956,351,0.20731332898139954,878,360,0.28565090894699097,960,381,0.29791802167892456,924,389,0.25650492310523987,951,399,0.22760336101055145,910,394,0.29044535756111145,969,403,0.27096134424209595,929,408,0.3073634207248688,949,415,0.22891764342784882,933,418,0.22370970249176025,951,417,0.2202966958284378
193,0.18856323510408401,964,366,0.1722138673067093,954,395,0.25733309984207153,1031,385,0.2697509527206421,945,403,0.2607518136501312,1017,401,0.240618035197258,984,519,0.07205125689506531,1097,521,0.10363755375146866,987,537,0.11980034410953522,1057,523,0.11060693860054016,959,596,0.20253683626651764,996,596,0.18336613476276398,963,676,0.12268771976232529,976,674,0.10419534146785736
194,0.18122398853302002,964,365,0.15727362036705017,956,393,0.24362125992774963,1029,383,0.24748975038528442,948,402,0.2571256160736084,1017,401,0.23225775361061096,960,408,0.20247310400009155,997,407,0.17361590266227722,977,462,0.13446617126464844,1028,466,0.11542897671461105,980,502,0.08804485201835632,1003,505,0.09205212444067001,980,544,0.05663108825683594,1000,542,0.05764695256948471
195,0.18536453545093537,948,357,0.11263013631105423,949,380,0.24678821861743927,1031,380,0.24305903911590576,948,400,0.24697177112102509,1015,393,0.2511824667453766,962,406,0.2045423835515976,1001,404,0.17358019948005676,977,459,0.13423120975494385,1029,462,0.11981355398893356,961,467,0.08633846789598465,1024,476,0.125938281416893,982,508,0.05142423138022423,1001,538,0.05682713910937309
196,0.18300589323043823,969,368,0.1567663699388504,956,397,0.26438868045806885,1035,386,0.2512543797492981,947,405,0.2649986147880554,1020,402,0.244516521692276,962,409,0.20619063079357147,1070,517,0.0819459781050682,985,538,0.10563035309314728,1055,537,0.09129519015550613,953,593,0.1726551353931427,991,593,0.15720513463020325,961,655,0.11223335564136505,976,671,0.09717385470867157
197,0.1650167003273964,967,369,0.14144282042980194,956,398,0.23952113091945648,1011,393,0.21809600293636322,949,405,0.23932838439941406,997,399,0.2657831013202667,973,548,0.06028212979435921,1076,521,0.07758808881044388,985,539,0.09434697777032852,1065,524,0.08942143619060516,960,591,0.17179198563098907,995,591,0.1435922235250473,970,652,0.09140101820230484,993,632,0.10856056213378906
198,0.16702198833227155,970,370,0.13664358854293823,956,399,0.23893216252326965,1039,388,0.2038935124874115,949,405,0.23795713484287262,1020,402,0.22126051783561707,966,409,0.1927472949028015,1005,407,0.16353003680706024,972,463,0.13011883199214935,1028,467,0.10913486033678055,960,499,0.07546114921569824,1003,503,0.10060068219900131,979,544,0.05765356123447418,996,571,0.0506746843457222
199,0.16120023131370545,971,371,0.12065884470939636,958,399,0.2044345587491989,1035,388,0.18404076993465424,951,402,0.20690546929836273,995,397,0.24027274549007416,966,406,0.17747266590595245,993,403,0.17257222533226013,973,461,0.09983475506305695,988,427,0.17595529556274414,958,444,0.10579805076122284,1001,500,0.06690358370542526,979,506,0.046128928661346436,997,540,0.04886093735694885
200,0.1723907336592674,970,372,0.13265636563301086,950,387,0.22902928292751312,1033,388,0.1920108199119568,949,402,0.20983581244945526,992,397,0.2407711297273636,964,407,0.18642784655094147,991,404,0.17514632642269135,972,460,0.10616884380578995,986,426,0.1798238903284073,957,443,0.113451287150383,985,425,0.17524364590644836,978,505,0.049624111503362656,996,540,0.052401576191186905
201,0.17496897131204603,974,372,0.15267901122570038,958,399,0.23111514747142792,1036,389,0.20268462598323822,951,405,0.22432582080364227,1017,402,0.19770608842372894,964,408,0.1914033591747284,993,405,0.18440108001232147,975,464,0.10840708017349243,991,429,0.17558643221855164,979,503,0.07715753465890884,1002,506,0.07479103654623032,979,545,0.0502438060939312,998,627,0.08776926249265671
202,0.18540267944335936,971,371,0.1888485997915268,960,396,0.25656747817993164,1027,388,0.26768243312835693,956,407,0.26499998569488525,1012,404,0.21789219975471497,966,409,0.2025338113307953,989,405,0.2019149661064148,980,465,0.12914706766605377,1030,488,0.1144120916724205,984,508,0.08478275686502457,1031,514,0.09786946326494217,994,552,0.04923057556152344,993,633,0.10344646126031876
203,0.23677144348621365,957,365,0.21686159074306488,956,396,0.3107970356941223,1033,390,0.30721256136894226,946,407,0.29804953932762146,1012,403,0.2614700496196747,957,408,0.2303488701581955,996,405,0.17996646463871002,981,484,0.1773541271686554,1027,487,0.16773180663585663,967,599,0.2467336505651474,1002,601,0.23551541566848755,961,635,0.11265281587839127,988,636,0.1229458749294281
204,0.2889949709177017,898,329,0.38022729754447937,898,343,0.31832507252693176,989,360,0.25748810172080994,874,358,0.2728465795516968,969,379,0.32082927227020264,934,394,0.270751953125,962,394,0.24555674195289612,939,413,0.28187066316604614,980,404,0.27959293127059937,930,413,0.2880580723285675,971,419,0.30680516362190247,933,417,0.1906219720840454,972,420,0.1920592039823532
205,0.23067099452018738,953,356,0.20731650292873383,954,377,0.3340936303138733,1020,380,0.30670246481895447,956,402,0.29258760809898376,1007,401,0.2416989952325821,960,406,0.27693697810173035,986,405,0.184618279337883,984,461,0.18028733134269714,1023,468,0.14387521147727966,977,503,0.11182399094104767,998,506,0.12592104077339172,982,545,0.0721912682056427,981,632,0.09915106743574142
206,0.24389587789773942,960,361,0.2447766661643982,949,382,0.34756579995155334,1030,384,0.34395062923431396,951,404,0.28252285718917847,1017,402,0.26023492217063904,955,407,0.2746228277683258,992,403,0.1826259046792984,985,483,0.18412570655345917,1030,487,0.16702793538570404,976,509,0.10419072210788727,1003,513,0.10924341529607773,980,550,0.07176893949508667,985,636,0.10783806443214417
207,0.2779609233140945,960,363,0.29327213764190674,948,385,0.37877777218818665,1032,387,0.37981051206588745,944,408,0.2987598776817322,1014,406,0.2862764894962311,947,409,0.2788480520248413,986,406,0.1898658275604248,984,483,0.22757595777511597,1029,488,0.19652247428894043,961,570,0.1657470464706421,1017,569,0.1541854590177536,972,590,0.07719987630844116,981,637,0.1255280077457428
208,0.2710439130663872,967,366,0.2960677444934845,958,397,0.36338815093040466,1038,391,0.33552122116088867,942,409,0.2946391701698303,1016,407,0.27236753702163696,954,406,0.24832996726036072,996,402,0.17641568183898926,990,502,0.22143927216529846,1038,506,0.21541842818260193,963,597,0.2893265187740326,1018,575,0.14838801324367523,957,636,0.12870357930660248,972,652,0.14502950012683868
209,0.3176367461681366,964,369,0.2980535626411438,957,399,0.40105146169662476,1027,397,0.3806673586368561,938,411,0.3260977864265442,1002,410,0.2967766523361206,948,404,0.2442484200000763,984,393,0.15996043384075165,988,504,0.27374741435050964,1028,507,0.26238197088241577,965,604,0.3336685299873352,1005,608,0.3174068033695221,960,672,0.2018202841281891,966,702,0.27540814876556396
210,0.30656473338603973,955,366,0.2711336314678192,955,394,0.3628832995891571,1013,395,0.41690921783447266,938,408,0.3151344656944275,992,409,0.29430168867111206,943,406,0.28902843594551086,966,404,0.26119908690452576,986,499,0.24745361506938934,1022,503,0.24051931500434875,965,601,0.3298911452293396,998,605,0.32291871309280396,962,671,0.1913842111825943,965,702,0.26716384291648865
211,0.26384490430355073,948,364,0.211870938539505,956,389,0.288217693567276,1003,389,0.36432430148124695,941,403,0.30859634280204773,964,399,0.29861482977867126,944,405,0.269804984331131,958,404,0.24161122739315033,1000,497,0.1678415983915329,1016,500,0.1835082471370697,964,605,0.22807498276233673,988,610,0.27876076102256775,963,702,0.27869758009910583,969,702,0.2310268133878708
212,0.23350818753242492,949,362,0.1994221806526184,957,385,0.3380146622657776,982,387,0.3379170298576355,952,404,0.26894351840019226,960,394,0.2660320997238159,959,404,0.20800432562828064,967,402,0.2013535499572754,986,459,0.16616405546665192,992,460,0.1599251925945282,976,505,0.12097897380590439,988,509,0.1300734281539917,983,518,0.07036390155553818,986,553,0.08896317332983017
213,0.22588094770908354,957,364,0.20954369008541107,987,396,0.27851033210754395,1005,389,0.3478117287158966,950,404,0.28481751680374146,967,401,0.27229490876197815,957,405,0.22662094235420227,966,403,0.21669627726078033,1007,514,0.1212148517370224,1018,517,0.1346270740032196,959,596,0.21194270253181458,975,598,0.20757539570331573,962,697,0.22562967240810394,960,697,0.19498087465763092
214,0.22758518159389496,956,365,0.21324001252651215,962,392,0.3013320565223694,1003,398,0.2907738983631134,953,405,0.2894681990146637,968,404,0.2808576226234436,965,405,0.2253054976463318,974,403,0.2266664057970047,1008,515,0.12885095179080963,1016,518,0.14275899529457092,964,595,0.20965810120105743,976,597,0.20463912189006805,968,701,0.2160262018442154,963,701,0.19453801214694977
215,0.22440244704484938,893,332,0.389480322599411,954,380,0.31557777523994446,972,381,0.3224090039730072,957,402,0.2751603126525879,963,401,0.2472424954175949,988,531,0.08516831696033478,990,530,0.08324554562568665,1009,535,0.10879542678594589,1017,523,0.11673883348703384,973,597,0.16731016337871552,985,595,0.16057489812374115,968,661,0.09082114696502686,976,641,0.13961121439933777
216,0.26413766890764234,968,369,0.23785918951034546,967,394,0.30629631876945496,981,396,0.3156318664550781,955,402,0.28027909994125366,963,400,0.2636048495769501,951,404,0.2479662150144577,954,405,0.23920629918575287,975,436,0.25692272186279297,979,438,0.23948492109775543,963,476,0.14308153092861176,986,486,0.14851751923561096,981,483,0.09286966919898987,995,521,0.0953979343175888
217,0.2744734764099121,970,378,0.3509063422679901,1007,404,0.30716603994369507,973,406,0.36605769395828247,978,409,0.31679654121398926,959,410,0.27987030148506165,996,511,0.09184081107378006,945,408,0.250581830739975,1023,521,0.21306496858596802,1008,524,0.2252236306667328,984,610,0.2151697874069214,980,612,0.26092174649238586,978,700,0.1701233983039856,960,705,0.19823989272117615
218,0.28033163249492643,963,374,0.36370357871055603,995,399,0.31656506657600403,977,401,0.36758437752723694,966,408,0.34364956617355347,963,408,0.3203752338886261,958,408,0.2893368899822235,954,407,0.29074111580848694,1011,515,0.19840221107006073,1008,518,0.21575014293193817,981,599,0.3131803572177887,985,602,0.30551162362098694,966,703,0.2945536673069,960,703,0.2626575827598572
219,0.31957578063011166,967,384,0.40398457646369934,996,405,0.3604077100753784,981,411,0.39127692580223083,965,411,0.34411415457725525,964,413,0.3148350715637207,955,390,0.2512626349925995,958,390,0.23687753081321716,991,517,0.2545630931854248,987,518,0.27552521228790283,973,607,0.3364836871623993,977,611,0.32615014910697937,965,704,0.3183346092700958,955,691,0.2085758000612259
220,0.392218416929245,972,396,0.4751729667186737,1039,423,0.3653877079486847,945,420,0.38815271854400635,1013,415,0.30438655614852905,896,388,0.3028997480869293,998,379,0.21134346723556519,873,341,0.4372211694717407,1028,528,0.4167078137397766,969,527,0.41782814264297485,1006,630,0.39069026708602905,964,628,0.40361058712005615,1006,716,0.26528283953666687,943,718,0.417898029088974
221,0.26777511835098267,974,382,0.36440953612327576,1005,403,0.3298516571521759,1005,409,0.3434123396873474,981,425,0.24352627992630005,972,426,0.21371638774871826,968,417,0.1827738732099533,960,417,0.1676342636346817,1012,513,0.18693049252033234,1004,517,0.20568858087062836,976,599,0.3087744414806366,974,602,0.3048231601715088,967,701,0.2863738238811493,955,700,0.27023759484291077
222,0.2916935533285141,965,385,0.41603344678878784,1014,407,0.32173362374305725,967,412,0.34445834159851074,1019,452,0.17218844592571259,940,424,0.21796861290931702,978,420,0.1918942928314209,924,399,0.18908458948135376,1025,522,0.24725602567195892,999,526,0.2533110976219177,1001,612,0.3201706111431122,972,613,0.3463064432144165,978,709,0.32185888290405273,950,701,0.2941802740097046
223,0.3730390518903732,970,397,0.48163795471191406,1042,427,0.37082114815711975,956,425,0.36417487263679504,1031,440,0.22995178401470184,906,409,0.33692222833633423,988,406,0.19145467877388,868,350,0.3439413011074066,1041,529,0.37310871481895447,974,531,0.4061599373817444,1024,625,0.41576823592185974,963,625,0.38033434748649597,1027,714,0.23242264986038208,945,718,0.39349550008773804
224,0.4855208277702331,990,402,0.369650274515152,1046,439,0.5114407539367676,942,424,0.4939294457435608,1038,435,0.1777610331773758,891,393,0.3008233308792114,1033,378,0.239533469080925,867,339,0.5805625915527344,1033,549,0.46990966796875,960,550,0.5131402611732483,1037,642,0.46728411316871643,950,641,0.44246572256088257,1048,727,0.5528392195701599,945,721,0.5378863215446472
225,0.46683639883995054,976,398,0.5195457339286804,1037,433,0.4380190670490265,937,426,0.4862060844898224,1064,413,0.23258520662784576,895,408,0.36981868743896484,1051,364,0.2035026103258133,861,352,0.5137253403663635,1038,548,0.4648479223251343,965,549,0.5403947830200195,1042,636,0.4138832092285156,964,635,0.4213314354419708,1047,720,0.5096619129180908,950,717,0.46942248940467834
226,0.4711886823177337,980,398,0.5233750343322754,1044,436,0.43899959325790405,938,428,0.4905606508255005,1066,412,0.2451992630958557,893,395,0.3115960359573364,1063,360,0.23254095017910004,870,358,0.5132120251655579,1037,552,0.4757991433143616,962,553,0.5386620163917542,1041,642,0.41754719614982605,956,640,0.4015663266181946,1046,722,0.5271442532539368,947,717,0.46419209241867065
227,0.4114906907081604,970,398,0.42267492413520813,1031,433,0.39842990040779114,934,426,0.4581986963748932,1010,419,0.3035794496536255,898,405,0.3672156035900116,1026,377,0.18643192946910858,867,357,0.4526851177215576,1031,543,0.36991578340530396,959,546,0.43585535883903503,1027,637,0.3559797406196594,958,637,0.46265944838523865,1044,724,0.4868409037590027,945,718,0.46885550022125244
228,0.46627469956874845,987,406,0.357811838388443,1055,445,0.4669369161128998,943,433,0.49247807264328003,1066,419,0.20052725076675415,884,395,0.3910379707813263,1046,377,0.15773405134677887,865,356,0.4625602662563324,1036,551,0.4530140161514282,959,553,0.4992605447769165,1040,643,0.40058982372283936,959,646,0.5077062845230103,1050,728,0.5399691462516785,941,725,0.5344992280006409
229,0.3518880158662796,968,397,0.3952622711658478,969,424,0.36435505747795105,1008,426,0.34644171595573425,961,429,0.32686349749565125,993,421,0.3078468143939972,946,408,0.2924676835536957,990,400,0.21622227132320404,989,535,0.3591148555278778,1009,535,0.33843883872032166,969,632,0.33966347575187683,984,633,0.3191256523132324,970,718,0.3974230885505676,962,719,0.40785732865333557
230,0.46069335341453543,995,410,0.5324317216873169,1056,445,0.47881847620010376,941,434,0.4481780230998993,1075,416,0.3203018307685852,884,400,0.42152249813079834,1057,370,0.2317262440919876,869,362,0.5890305042266846,1036,556,0.5148035883903503,949,554,0.4185934066772461,1023,649,0.4693582057952881,949,647,0.5143361687660217,1031,731,0.3476508557796478,933,726,0.5049908757209778
231,0.4964891046285629,995,420,0.3953551948070526,1038,452,0.513365626335144,947,445,0.4559706747531891,989,416,0.34281760454177856,886,400,0.4589847922325134,1061,353,0.3264044523239136,857,347,0.6355572938919067,1027,565,0.5310892462730408,954,567,0.5158807039260864,1023,648,0.37047192454338074,936,642,0.4418875575065613,1033,729,0.37335890531539917,930,724,0.5117490291595459
232,0.4606836378574371,993,420,0.30205366015434265,1053,457,0.5133026242256165,950,449,0.49833858013153076,1079,416,0.30923593044281006,877,402,0.4635636806488037,1082,352,0.266309916973114,858,359,0.6542919874191284,1029,566,0.4059651494026184,954,571,0.4410410523414612,1033,640,0.3158966600894928,950,647,0.5030600428581238,1038,722,0.34637752175331116,933,720,0.49223122000694275
233,0.46679011583328245,995,422,0.4750732481479645,1049,457,0.5188243389129639,951,448,0.5010267496109009,1079,423,0.2869436740875244,880,405,0.3886367082595825,1082,354,0.2911883294582367,856,366,0.6030017733573914,1027,564,0.4106556475162506,956,567,0.44972100853919983,1034,641,0.39536145329475403,951,640,0.5117117762565613,1042,715,0.2973896861076355,934,715,0.4920302629470825
234,0.44729797542095184,989,425,0.3183428645133972,1047,459,0.47015702724456787,951,451,0.5324496030807495,1065,441,0.19212454557418823,904,420,0.22566154599189758,1058,373,0.2833348214626312,851,374,0.5876455307006836,1029,565,0.394171804189682,958,569,0.4499945342540741,1035,640,0.409546822309494,948,637,0.4290269911289215,1038,717,0.29104530811309814,932,714,0.4522547721862793
235,0.4421840578317642,986,425,0.43611353635787964,1046,461,0.5242041349411011,942,448,0.49345526099205017,1083,443,0.25376978516578674,862,409,0.4066929519176483,1080,360,0.3530137538909912,846,373,0.5810648202896118,1025,563,0.3580804467201233,954,567,0.4077427387237549,1026,640,0.3791055977344513,948,638,0.42706024646759033,1035,724,0.3855816423892975,935,716,0.41466543078422546
236,0.49732954800128937,1001,431,0.4992964267730713,1052,471,0.5423668622970581,946,466,0.5808393955230713,1091,441,0.29543522000312805,866,421,0.36219504475593567,1094,353,0.41447874903678894,843,376,0.5054707527160645,1032,584,0.49558019638061523,960,585,0.43515390157699585,1022,648,0.2666034400463104,949,647,0.41251635551452637,1041,726,0.4517386257648468,934,722,0.46224331855773926
237,0.471435272693634,997,431,0.4126895070075989,1064,476,0.5539594888687134,956,467,0.5208942294120789,1094,457,0.19214211404323578,864,424,0.39259374141693115,1090,365,0.4602819085121155,843,371,0.49774327874183655,1038,586,0.4758927822113037,952,585,0.39848947525024414,1031,647,0.3630557060241699,952,647,0.4042005240917206,1042,723,0.42484647035598755,938,722,0.46956831216812134
238,0.45657553970813747,1001,432,0.49732860922813416,1054,474,0.47648507356643677,945,468,0.5474742650985718,1093,447,0.25487983226776123,927,430,0.23670648038387299,1077,391,0.4454237222671509,836,378,0.553205132484436,1036,585,0.4672154486179352,952,584,0.36616718769073486,1028,646,0.370419979095459,947,643,0.3807391822338104,1039,724,0.40877220034599304,935,723,0.46304553747177124
239,0.4423543989658355,1000,436,0.5081703662872314,1055,481,0.508658766746521,950,471,0.4911353886127472,1080,461,0.20351383090019226,871,429,0.4027268588542938,1067,398,0.2686532735824585,844,387,0.460530549287796,1023,578,0.35903987288475037,955,582,0.4135318398475647,1029,647,0.3672983646392822,949,645,0.4389040470123291,1045,728,0.5298279523849487,939,730,0.47950980067253113
240,0.4669342517852783,986,435,0.5287052392959595,1031,476,0.4845053255558014,949,467,0.4414230287075043,1071,465,0.17903383076190948,916,443,0.21737726032733917,1064,390,0.35807016491889954,845,394,0.4874253273010254,1036,578,0.5450883507728577,955,578,0.47677844762802124,1038,644,0.3937186896800995,949,639,0.3511018455028534,1032,722,0.3459051251411438,939,721,0.4907281696796417
241,0.4156649827957153,997,450,0.3733339011669159,1049,488,0.49600011110305786,943,478,0.372229665517807,1081,464,0.23329907655715942,919,447,0.22334586083889008,1076,388,0.41596364974975586,827,397,0.4700659215450287,1031,585,0.44909536838531494,958,584,0.3659452795982361,1030,646,0.41301894187927246,951,643,0.37153947353363037,1032,721,0.2767004370689392,934,718,0.4845491349697113
242,0.44400468468666077,988,448,0.40024271607398987,1030,487,0.44772869348526,950,483,0.5216360688209534,1082,465,0.2292148470878601,928,452,0.2954159080982208,1076,391,0.44659921526908875,841,396,0.5979190468788147,1029,584,0.43986403942108154,960,584,0.38138583302497864,1028,645,0.44061172008514404,953,643,0.3446590006351471,1032,720,0.2627043128013611,939,718,0.4643705189228058
243,0.43443530797958374,995,454,0.40759339928627014,1036,493,0.435564786195755,954,488,0.46710097789764404,1082,451,0.31627604365348816,942,448,0.34016430377960205,1071,398,0.47197940945625305,823,398,0.46471279859542847,1020,590,0.4736218750476837,959,590,0.38455358147621155,1020,644,0.41379180550575256,963,648,0.42798709869384766,1026,723,0.2640521824359894,940,721,0.4500266909599304
244,0.4791518837213516,990,457,0.5189886689186096,1043,490,0.49096396565437317,937,484,0.5360690951347351,1097,459,0.36144140362739563,875,442,0.43300649523735046,1092,387,0.5322155952453613,835,399,0.6424258351325989,1030,590,0.5316324234008789,953,590,0.38463494181632996,1025,644,0.32149940729141235,954,646,0.36321908235549927,1030,723,0.2983419597148895,937,719,0.4560742974281311
245,0.47502506673336026,989,461,0.5565271377563477,1041,494,0.45135629177093506,941,487,0.543910801410675,1098,463,0.35832780599594116,867,442,0.4731732904911041,1095,391,0.6486126780509949,824,399,0.6277998089790344,1029,588,0.5222159624099731,952,587,0.3831930458545685,1024,646,0.42471757531166077,955,644,0.3798741400241852,1030,720,0.2754751741886139,936,716,0.4653070569038391
246,0.4747515082359314,985,464,0.5488133430480957,1033,492,0.42693522572517395,942,490,0.5296081304550171,1097,470,0.36868956685066223,871,443,0.38875454664230347,1089,403,0.45220449566841125,834,402,0.6364003419876099,1035,587,0.5206311941146851,960,587,0.4369761347770691,1035,645,0.3996299207210541,962,644,0.3695903718471527,1032,719,0.2536672353744507,941,716,0.4694574475288391
247,0.45697730779647827,988,466,0.503333330154419,1032,495,0.44057774543762207,945,492,0.521255373954773,1098,484,0.25664541125297546,876,442,0.36676400899887085,1077,413,0.5306545495986938,838,407,0.648425281047821,1038,584,0.4551551640033722,964,585,0.4245680868625641,1031,638,0.3450842797756195,947,639,0.3089247941970825,1033,715,0.21877336502075195,940,714,0.4843103289604187
248,0.42162852287292474,986,469,0.39836975932121277,1030,496,0.4432868957519531,941,490,0.4437601864337921,1101,488,0.311103492975235,915,459,0.23117373883724213,1078,418,0.5576229095458984,841,412,0.5995955467224121,1025,579,0.3497421145439148,966,585,0.4379549026489258,1033,635,0.3741249144077301,947,639,0.30616915225982666,1021,714,0.29700997471809387,938,712,0.4799959361553192
249,0.45327211916446686,980,469,0.3805285692214966,1031,496,0.45151278376579285,940,494,0.5072168111801147,1101,475,0.379245787858963,913,461,0.22763276100158691,1079,417,0.5313571095466614,846,415,0.5362038016319275,1041,586,0.4517785310745239,969,587,0.44930997490882874,1031,638,0.35347780585289,947,642,0.3228221833705902,1027,718,0.20255517959594727,939,714,0.4805452227592468
250,0.48804627060890193,989,474,0.46156740188598633,1027,503,0.42076557874679565,946,502,0.5446323752403259,1097,473,0.36273306608200073,961,466,0.2986283302307129,1081,422,0.6092825531959534,830,418,0.6260170340538025,1037,594,0.5421964526176453,966,594,0.4797452390193939,1032,642,0.3713700771331787,950,645,0.361447274684906,1028,721,0.23238390684127808,941,718,0.476215124130249
251,0.45757839679718015,992,472,0.4062575399875641,1037,503,0.47861620783805847,947,500,0.5504421591758728,1101,486,0.33617088198661804,949,472,0.27445727586746216,1074,427,0.5519676804542542,837,419,0.59300297498703,1025,588,0.35919493436813354,970,592,0.46900683641433716,1031,641,0.39059337973594666,951,642,0.34262344241142273,1027,722,0.2247926890850067,937,718,0.49432241916656494
252,0.491661924123764,984,471,0.4779941141605377,1044,505,0.47173812985420227,943,507,0.5375577807426453,1105,469,0.3288572132587433,948,475,0.34095776081085205,1087,426,0.6032541990280151,846,437,0.6711282730102539,1040,602,0.497462660074234,964,603,0.477224737405777,1040,651,0.30085453391075134,947,654,0.39703255891799927,1043,724,0.3670497536659241,941,726,0.5277003645896912
253,0.48101058006286623,998,479,0.5718607902526855,1046,509,0.49400532245635986,948,511,0.5121667385101318,1109,494,0.2859502136707306,897,483,0.2880459427833557,1082,433,0.5745540857315063,842,440,0.6089217662811279,1041,600,0.47307974100112915,965,600,0.4789601266384125,1037,642,0.27747946977615356,944,647,0.38393959403038025,1040,724,0.32402005791664124,939,727,0.5191650390625
254,0.5035708934068679,985,477,0.5731581449508667,1043,511,0.5080390572547913,937,509,0.544276237487793,1106,495,0.3283085525035858,907,487,0.2964099049568176,1082,436,0.5634583234786987,824,439,0.638335108757019,1035,598,0.5402209162712097,961,599,0.48098722100257874,1033,643,0.2813524007797241,942,649,0.380814790725708,1042,723,0.3383903205394745,939,725,0.5111328363418579
255,0.4700364649295807,998,472,0.43941208720207214,1047,500,0.48294597864151,950,505,0.5414838194847107,1100,501,0.30442264676094055,914,489,0.27338138222694397,1078,441,0.4868476986885071,828,440,0.6169678568840027,1027,590,0.395380437374115,969,593,0.5055246353149414,1037,640,0.28003039956092834,944,645,0.35302674770355225,1043,724,0.3565559387207031,940,723,0.5241365432739258
256,0.4595397680997848,1007,470,0.37723785638809204,1056,503,0.45352238416671753,948,503,0.42362940311431885,1099,506,0.3115817904472351,908,489,0.29803720116615295,1078,447,0.4967572093009949,831,444,0.6206762194633484,1039,597,0.5083104372024536,966,596,0.4955137372016907,1032,646,0.3146686255931854,944,649,0.3788517415523529,1041,727,0.4012223482131958,941,729,0.5067212581634521
257,0.48817979097366326,1000,477,0.5726929903030396,1048,507,0.49249324202537537,949,511,0.5157381296157837,1097,506,0.3108583390712738,898,489,0.30461037158966064,1078,446,0.586353063583374,823,442,0.6631643176078796,1033,600,0.5256645083427429,958,600,0.4574100971221924,1024,647,0.3155607283115387,942,650,0.37463703751564026,1037,726,0.35315197706222534,941,729,0.49609360098838806
258,0.47166116237640376,996,478,0.5379360914230347,1043,509,0.5043403506278992,949,514,0.5111233592033386,1102,504,0.31890761852264404,860,480,0.3913435637950897,1076,445,0.5648329854011536,821,441,0.6558428406715393,1031,605,0.4764309823513031,956,605,0.4045100510120392,1023,651,0.3162819743156433,941,654,0.3928001821041107,1037,728,0.3727293312549591,940,730,0.49891459941864014
259,0.46857113540172574,994,478,0.5331131219863892,1041,510,0.4916653633117676,949,514,0.47775062918663025,1093,508,0.3181425631046295,900,492,0.2660708725452423,1081,446,0.5946435332298279,825,447,0.6835278868675232,1033,606,0.46941450238227844,961,605,0.4287971556186676,1025,654,0.4402007460594177,956,657,0.4933347702026367,1039,731,0.41083040833473206,941,733,0.4888134300708771
260,0.46769605278968807,981,476,0.5161276459693909,1041,514,0.4742078185081482,939,515,0.47445642948150635,1093,509,0.3188587427139282,888,499,0.3255680501461029,1072,451,0.5133774876594543,828,451,0.6262102127075195,1032,603,0.4798591136932373,965,603,0.4526572823524475,1029,654,0.44503846764564514,945,657,0.4195583760738373,1040,730,0.39498475193977356,940,732,0.5147252678871155
261,0.4723192632198333,989,476,0.532174289226532,1040,509,0.4702897071838379,945,512,0.5171136260032654,1086,520,0.28551775217056274,917,506,0.265775203704834,1070,451,0.4765387773513794,826,448,0.573890209197998,1032,605,0.4706438481807709,966,604,0.45749759674072266,1027,654,0.4540424942970276,949,656,0.42924779653549194,1041,731,0.41184002161026,942,733,0.510979175567627
262,0.46703783571720114,972,478,0.5455169081687927,1033,517,0.49782830476760864,935,514,0.469687819480896,1086,513,0.30515721440315247,896,501,0.25964462757110596,1061,451,0.44946327805519104,826,449,0.5549303293228149,1031,603,0.4745202958583832,965,603,0.45219525694847107,1030,653,0.4442932903766632,949,656,0.43300554156303406,1044,729,0.3896324336528778,942,732,0.5323324799537659
263,0.4602932155132293,979,478,0.569614589214325,1036,517,0.4852108657360077,938,515,0.4830611050128937,1082,524,0.2938775420188904,891,501,0.28697770833969116,1066,490,0.24087253212928772,824,449,0.6224080920219421,1031,605,0.46885964274406433,963,604,0.4344106614589691,1026,655,0.31101444363594055,948,657,0.41355258226394653,1042,729,0.38332757353782654,940,731,0.5309122800827026
264,0.4580170780420303,979,480,0.6034067273139954,1039,518,0.49543291330337524,936,509,0.38771185278892517,1099,502,0.3414171040058136,877,501,0.34064197540283203,1077,457,0.4901633560657501,825,454,0.6914043426513672,1028,606,0.46591612696647644,963,607,0.4514680802822113,1031,652,0.41304832696914673,956,657,0.4723418653011322,1044,726,0.4037281572818756,942,730,0.46164825558662415
265,0.47159633338451384,974,476,0.5716228485107422,1034,512,0.46011680364608765,940,514,0.4941834807395935,1094,510,0.3177051544189453,920,508,0.26546794176101685,1067,459,0.40853720903396606,833,459,0.5992157459259033,1027,601,0.49777811765670776,968,602,0.4737767279148102,1015,648,0.40650931000709534,952,653,0.4124492406845093,1035,730,0.38223373889923096,945,732,0.451544851064682
266,0.46316617727279663,982,473,0.5466609597206116,1034,501,0.4501646161079407,945,510,0.4778909385204315,1091,511,0.30327627062797546,926,507,0.24538728594779968,1066,461,0.3246750235557556,826,458,0.5706766247749329,1029,599,0.4919189214706421,974,599,0.4702955484390259,1016,645,0.3826926052570343,956,649,0.4120714068412781,1033,729,0.3621518909931183,948,731,0.4474227726459503
267,0.46418125927448267,961,478,0.5546095967292786,1025,513,0.4905434250831604,935,515,0.4504256248474121,1077,497,0.2683621346950531,895,499,0.2770189344882965,1061,449,0.3999980092048645,832,456,0.590368926525116,1027,601,0.4821496903896332,968,601,0.4658302366733551,1012,646,0.38444504141807556,953,650,0.39963722229003906,1032,730,0.35831335186958313,948,733,0.41972097754478455
268,0.44763967394828796,982,473,0.5064924955368042,1032,499,0.4429309666156769,946,505,0.42538022994995117,1071,509,0.288155198097229,919,502,0.3065955936908722,1053,466,0.3600667417049408,830,454,0.6031147241592407,1031,598,0.4753688871860504,972,598,0.46977585554122925,1015,645,0.38709259033203125,956,650,0.411312997341156,1032,730,0.3658377528190613,949,732,0.3968006372451782
269,0.47008457183837893,985,471,0.479992538690567,1042,494,0.4630870223045349,952,502,0.46636998653411865,1066,495,0.2307606041431427,915,489,0.28169193863868713,1059,456,0.47363027930259705,829,450,0.6349057555198669,1034,599,0.5066652297973633,973,599,0.48043927550315857,1004,644,0.3873880207538605,955,649,0.385670006275177,1015,730,0.3367944359779358,953,732,0.38949525356292725
270,0.42689137458801263,994,463,0.5473370552062988,1040,489,0.4196642339229584,952,494,0.40263238549232483,1077,505,0.3061244487762451,924,488,0.2778647243976593,1051,459,0.4992977976799011,836,450,0.5728445053100586,1026,588,0.3933872580528259,973,592,0.47295334935188293,1015,642,0.34791237115859985,952,647,0.38291457295417786,1032,729,0.3434727191925049,949,730,0.43169966340065
271,0.4773877829313278,985,466,0.5541149973869324,1031,494,0.45840132236480713,957,498,0.4806865155696869,1076,505,0.3354448080062866,924,486,0.3004741668701172,1039,451,0.48679545521736145,840,447,0.5890966057777405,1027,591,0.515550434589386,970,591,0.47860175371170044,1012,643,0.36740630865097046,959,647,0.42471984028816223,1029,727,0.3020784854888916,945,726,0.45862793922424316
272,0.41527419686317435,994,461,0.5659472942352295,1049,488,0.4082481861114502,953,489,0.3443971276283264,1069,487,0.2929215431213379,932,481,0.31813445687294006,1030,447,0.43636173009872437,845,445,0.5376195907592773,1029,585,0.4206356406211853,975,587,0.4623696506023407,1025,643,0.4097251296043396,952,643,0.3272596001625061,1032,729,0.3720826804637909,945,728,0.4578351676464081
273,0.4270168870687484,980,455,0.5390011072158813,1043,483,0.4673549234867096,957,489,0.35726621747016907,1055,473,0.3215441107749939,937,469,0.2781434953212738,1019,437,0.3856610059738159,852,438,0.5023397207260132,1033,577,0.40706032514572144,979,578,0.47832775115966797,1027,637,0.44398972392082214,963,642,0.42916926741600037,1035,729,0.35345152020454407,942,730,0.46894600987434387
274,0.43109943866729733,978,454,0.5103151798248291,1037,479,0.4589902460575104,958,488,0.43328943848609924,1055,480,0.29420334100723267,924,466,0.27442654967308044,1017,432,0.33349552750587463,848,438,0.5250113606452942,1037,571,0.42070508003234863,982,573,0.45071151852607727,1026,631,0.45349639654159546,963,637,0.41745978593826294,1034,727,0.3292170763015747,942,731,0.4212205708026886
275,0.4579801976680755,981,452,0.4963231682777405,1035,474,0.4680705964565277,947,481,0.4830586612224579,1079,467,0.24621734023094177,872,458,0.37303972244262695,1021,419,0.40649285912513733,847,427,0.6330562829971313,1035,569,0.4469912648200989,978,572,0.4700931906700134,1036,632,0.4213281571865082,963,637,0.4052835702896118,1035,725,0.3153724670410156,939,728,0.43635934591293335
276,0.4354720681905746,983,436,0.5733152627944946,1036,467,0.39758041501045227,946,468,0.30840158462524414,1061,473,0.29486677050590515,909,468,0.27777478098869324,1021,421,0.3894881010055542,852,428,0.5974810719490051,1040,576,0.522816002368927,971,574,0.5043891668319702,1034,631,0.486299604177475,962,633,0.4262767732143402,1034,722,0.2829422652721405,937,720,0.4979487657546997
277,0.46152713894844055,968,453,0.6078341007232666,1039,471,0.48548850417137146,948,474,0.4435834586620331,1071,467,0.31533095240592957,885,461,0.34410223364830017,1015,416,0.3525114953517914,846,420,0.5117018222808838,1031,574,0.41121572256088257,972,577,0.5228521227836609,1032,632,0.47302407026290894,966,637,0.4214770197868347,1039,723,0.377559095621109,941,722,0.47486159205436707
278,0.4394544154405593,969,442,0.5213302969932556,1039,469,0.4947606325149536,941,466,0.40106260776519775,1066,467,0.3597671091556549,903,459,0.28212082386016846,1013,413,0.33922749757766724,851,414,0.50522780418396,1025,567,0.3906738758087158,968,571,0.47763192653656006,1030,631,0.46712860465049744,965,636,0.40529900789260864,1042,717,0.3431031107902527,942,719,0.4801504611968994
279,0.45848493576049804,960,445,0.4129813015460968,1031,463,0.5064703226089478,930,466,0.4553011357784271,1060,463,0.40182429552078247,897,457,0.2675362825393677,992,402,0.5202107429504395,853,406,0.5054561495780945,1039,559,0.4686708450317383,963,558,0.44549497961997986,1025,624,0.39209282398223877,961,626,0.3914862871170044,1039,713,0.2957935929298401,940,722,0.37385293841362
280,0.4640525132417679,956,430,0.426209956407547,1039,454,0.4954412579536438,938,454,0.47573623061180115,1054,456,0.3789122700691223,902,453,0.3479456603527069,986,393,0.47488731145858765,863,403,0.562772810459137,1040,552,0.49874258041381836,968,551,0.4792648255825043,1026,616,0.28060394525527954,962,621,0.3703790307044983,1038,713,0.27908435463905334,940,721,0.38071995973587036
281,0.4634866327047348,980,425,0.46467506885528564,1042,450,0.5333518385887146,952,455,0.5044167041778564,1060,443,0.41038787364959717,875,438,0.39159679412841797,993,385,0.44382432103157043,866,391,0.5764318704605103,1037,555,0.4215341806411743,972,563,0.4474256932735443,1034,620,0.343610942363739,963,624,0.35401788353919983,1042,713,0.3208470046520233,942,721,0.35309648513793945
282,0.4498006165027618,965,430,0.4901011884212494,1037,446,0.4894118905067444,941,450,0.4817056655883789,1057,436,0.38620123267173767,910,447,0.31139102578163147,987,367,0.538011908531189,879,386,0.5319256782531738,1033,549,0.3902575373649597,968,551,0.4905032813549042,1029,624,0.4526940584182739,967,624,0.26066216826438904,1030,714,0.2384566217660904,938,720,0.37581145763397217
283,0.4730809718370438,979,429,0.49301886558532715,1045,447,0.4716094136238098,953,452,0.49893200397491455,1052,420,0.38677558302879333,886,421,0.33562636375427246,989,356,0.4839482605457306,880,370,0.6032067537307739,1035,551,0.43030962347984314,968,553,0.538540244102478,1032,627,0.412592351436615,958,627,0.3665960133075714,1034,718,0.2712470293045044,937,721,0.39039483666419983
284,0.4027297437191009,990,402,0.4095626175403595,980,428,0.4079200327396393,1006,431,0.4375498592853546,942,394,0.21547886729240417,1033,414,0.2491196244955063,975,340,0.38406673073768616,980,342,0.3799740672111511,991,523,0.37592613697052,1004,524,0.45443403720855713,987,612,0.44394251704216003,998,614,0.37222403287887573,966,712,0.29272669553756714,963,717,0.3089887201786041
285,0.4556094288825988,981,413,0.510644793510437,1037,438,0.4872269034385681,953,440,0.4213290512561798,1043,391,0.3218251168727875,933,407,0.29698464274406433,993,334,0.4262891411781311,872,364,0.5393877029418945,1030,547,0.42757147550582886,967,550,0.5332459211349487,1028,627,0.48940351605415344,961,624,0.2872657775878906,1033,713,0.2840026021003723,935,718,0.3808388113975525
286,0.4379443615674972,988,415,0.47870030999183655,1041,434,0.46998047828674316,945,437,0.42557358741760254,1055,399,0.37119796872138977,908,402,0.2024722695350647,1000,333,0.43721139430999756,880,352,0.458218514919281,1031,550,0.4151362478733063,965,551,0.5053041577339172,1028,632,0.34369999170303345,965,631,0.3204890787601471,1029,715,0.27999284863471985,937,721,0.3588019013404846
287,0.37769736051559444,978,396,0.425752192735672,998,418,0.29909175634384155,996,426,0.3424954116344452,1019,360,0.35853126645088196,1032,369,0.24056902527809143,976,315,0.25962033867836,976,318,0.20690807700157166,1008,540,0.45649176836013794,1003,541,0.4737011194229126,988,626,0.28579944372177124,991,626,0.2879944443702698,992,718,0.2928089201450348,966,717,0.2560930550098419
288,0.3905787795782089,987,391,0.4586464762687683,1023,401,0.3798691928386688,955,415,0.34719744324684143,1049,368,0.3972662091255188,959,384,0.20593330264091492,1006,323,0.28966405987739563,979,318,0.21486139297485352,1036,526,0.46207380294799805,982,528,0.43951013684272766,1022,610,0.3152563273906708,984,612,0.419651061296463,1037,717,0.3458089828491211,945,710,0.19827918708324432
289,0.38054231405258176,991,397,0.4620351195335388,1040,404,0.3735320568084717,950,418,0.30573785305023193,1044,374,0.3921329379081726,931,407,0.31507760286331177,1012,337,0.4046463966369629,883,338,0.4661884903907776,1041,530,0.4379684627056122,977,538,0.4016408622264862,1032,619,0.40506115555763245,974,620,0.40459492802619934,1043,718,0.34124135971069336,944,720,0.28618910908699036
290,0.42333844602108,992,392,0.4391055405139923,1019,408,0.3762880563735962,969,419,0.39461395144462585,1045,361,0.4288608431816101,1026,362,0.27007535099983215,1008,315,0.3446928858757019,897,329,0.39362940192222595,1025,532,0.5186346769332886,988,533,0.4574474096298218,1016,620,0.40166065096855164,980,624,0.39590373635292053,1033,719,0.3331741690635681,953,720,0.295908123254776
291,0.39341524839401243,1003,389,0.346849650144577,985,414,0.4050428867340088,1044,412,0.3598279356956482,922,367,0.34687110781669617,1077,375,0.3066388964653015,1012,321,0.49017226696014404,1024,324,0.5074234008789062,988,526,0.37585026025772095,1024,528,0.46866533160209656,974,618,0.39562276005744934,1010,619,0.33684828877449036,958,722,0.38410496711730957,995,721,0.1976131796836853
292,0.3482284963130951,998,362,0.24935749173164368,931,383,0.26152002811431885,1080,384,0.452653706073761,902,359,0.3572872281074524,1091,369,0.4304841458797455,877,338,0.45198389887809753,1039,336,0.4490746557712555,962,484,0.3582732379436493,1057,483,0.33679214119911194,964,598,0.25255200266838074,1044,591,0.30813130736351013,950,723,0.35969042778015137,1019,725,0.2949111759662628
293,0.39732084870338436,1001,397,0.38247156143188477,1006,405,0.3716582655906677,1005,412,0.3962427079677582,999,359,0.21352063119411469,1042,363,0.21205759048461914,1030,322,0.290465772151947,1035,324,0.22753459215164185,1010,529,0.46573522686958313,1002,531,0.4408106505870819,988,620,0.3278750777244568,987,628,0.3677607476711273,1028,725,0.35790571570396423,959,721,0.3791368007659912
294,0.35662218034267423,993,378,0.347822904586792,950,396,0.3669975996017456,1035,402,0.375747948884964,900,349,0.39050793647766113,1078,364,0.33213311433792114,901,319,0.4056459069252014,1055,324,0.35979944467544556,973,510,0.39288783073425293,1042,510,0.3108661472797394,954,619,0.35733500123023987,1021,616,0.30944105982780457,960,724,0.385895311832428,995,730,0.31406277418136597
295,0.39051022231578825,993,384,0.38322165608406067,1024,399,0.36230841279029846,975,407,0.4125002920627594,1075,350,0.3594357371330261,907,362,0.4055558145046234,1043,314,0.32875001430511475,896,316,0.5393645763397217,1020,528,0.4573669731616974,991,530,0.36224308609962463,992,629,0.3653213381767273,976,626,0.25673365592956543,1003,729,0.3938156068325043,956,722,0.38044217228889465
296,0.32042241990566256,992,354,0.2592909634113312,966,364,0.3230176270008087,1024,377,0.365293025970459,905,350,0.4100631773471832,1080,363,0.31993189454078674,903,326,0.4826117157936096,1058,331,0.4049760401248932,982,486,0.2953794002532959,1017,488,0.2997194528579712,977,605,0.27158263325691223,1005,607,0.24124304950237274,970,724,0.43062329292297363,969,726,0.3508979082107544
297,0.30804801881313326,995,357,0.26160693168640137,935,378,0.2773359715938568,1083,383,0.3547058403491974,900,364,0.3431190252304077,1096,364,0.36446747183799744,885,322,0.46464890241622925,1062,332,0.4520009458065033,969,488,0.32070818543434143,1054,490,0.28657960891723633,957,607,0.3699384927749634,1032,608,0.3088324964046478,956,723,0.3796720504760742,997,647,0.09068232029676437
298,0.29936499893665314,970,344,0.2767641544342041,956,371,0.37342575192451477,1066,375,0.25224342942237854,892,352,0.3897070586681366,1084,364,0.31200850009918213,894,332,0.48086071014404297,1061,331,0.3890621066093445,980,484,0.2813786268234253,1046,488,0.24917323887348175,963,606,0.31657591462135315,1011,600,0.23793001472949982,967,720,0.35863935947418213,974,721,0.2891164720058441
299,0.31868658065795896,945,323,0.4223276674747467,909,342,0.49283528327941895,1044,357,0.3323725759983063,901,367,0.3170597553253174,1078,381,0.2447391301393509,896,353,0.36818408966064453,1071,344,0.43771520256996155,956,438,0.25380975008010864,1028,445,0.21248625218868256,953,450,0.1351257860660553,1024,456,0.1573038399219513,958,411,0.11020523309707642,1027,447,0.07095925509929657
300,0.28706344366073605,925,311,0.39752691984176636,918,331,0.4920958876609802,976,339,0.26169776916503906,981,374,0.3041606545448303,998,373,0.3288470208644867,970,388,0.323896586894989,979,387,0.3095394968986511,1001,512,0.1327621340751648,1012,514,0.15248504281044006,970,621,0.30946433544158936,974,620,0.30671533942222595,967,725,0.32451683282852173,968,713,0.3267355263233185
301,0.2936079025268555,952,321,0.3226236402988434,918,341,0.4317973256111145,1090,359,0.46714749932289124,984,393,0.23543637990951538,1093,382,0.28529515862464905,986,401,0.23295749723911285,1055,398,0.19684413075447083,985,487,0.14110973477363586,1055,490,0.13952302932739258,961,600,0.2375195175409317,1003,599,0.24308469891548157,968,708,0.21412105858325958,994,668,0.13467545807361603
302,0.29015343785285946,929,311,0.32358884811401367,911,332,0.38692012429237366,1089,339,0.35165485739707947,904,355,0.18182221055030823,1035,374,0.2921064794063568,956,385,0.15279656648635864,1021,385,0.17912214994430542,969,415,0.2507709264755249,1021,418,0.22016610205173492,951,411,0.18883398175239563,1014,410,0.2630826532840729,961,417,0.11910027265548706,1002,415,0.13833771646022797
303,0.1265428066253662,921,310,0.23976558446884155,990,372,0.16108521819114685,1043,372,0.1525685042142868,943,375,0.15188679099082947,1023,379,0.19410037994384766,980,602,0.05420398339629173,1050,576,0.0517624169588089,980,515,0.0782090350985527,1030,520,0.0899207592010498,960,592,0.12142393738031387,987,593,0.1418200433254242,979,676,0.08477696776390076,985,674,0.07872434705495834
304,0.10319419801235198,914,310,0.3047674894332886,1106,491,0.08770085871219635,1161,490,0.0827130451798439,943,376,0.1551866978406906,1132,527,0.056264664977788925,995,603,0.06134525686502457,1038,602,0.06898340582847595,1005,517,0.0819309651851654,1027,521,0.09044401347637177,967,593,0.1344614326953888,991,595,0.1378902941942215,986,704,0.098086416721344,1002,713,0.133218452334404
305,0.2547400325536728,924,311,0.34351038932800293,909,327,0.3642539083957672,989,339,0.15812945365905762,896,353,0.2342595010995865,1012,376,0.2494398057460785,946,381,0.1633222997188568,1000,386,0.1695624440908432,955,395,0.24136783182621002,981,398,0.2611481845378876,938,411,0.18266214430332184,976,413,0.25026214122772217,951,418,0.1193728968501091,981,417,0.13363134860992432
306,0.23800809383392335,914,313,0.28762391209602356,909,328,0.33274033665657043,983,341,0.14355795085430145,898,354,0.20987792313098907,1003,379,0.24864113330841064,944,385,0.16298945248126984,988,390,0.18000856041908264,957,393,0.2461923062801361,979,397,0.24773208796977997,941,410,0.18280117213726044,970,413,0.24206134676933289,950,417,0.12417206913232803,974,417,0.1445472240447998
307,0.27069681286811825,909,312,0.37657639384269714,913,327,0.3581027388572693,969,339,0.16401498019695282,904,352,0.24486732482910156,990,376,0.2499776929616928,945,388,0.1818627566099167,973,392,0.19334162771701813,963,409,0.2830450236797333,970,399,0.28135430812835693,941,413,0.2109166830778122,959,416,0.28581205010414124,950,421,0.1431821882724762,963,421,0.16466204822063446
308,0.3211396604776382,914,314,0.37586846947669983,907,330,0.44155386090278625,976,340,0.22402073442935944,895,353,0.23911966383457184,998,378,0.3207192122936249,941,391,0.21733132004737854,961,391,0.2076689451932907,957,394,0.3135666847229004,979,397,0.3231852352619171,932,409,0.23835605382919312,968,415,0.30130723118782043,947,423,0.14557650685310364,978,423,0.18697156012058258
309,0.2945082694292068,916,320,0.3571988046169281,906,335,0.4377683997154236,994,349,0.1925254464149475,890,354,0.2387150228023529,1007,380,0.3360633850097656,904,357,0.18877138197422028,996,385,0.22256328165531158,964,396,0.3065212070941925,1014,402,0.2585351765155792,943,413,0.24270884692668915,985,414,0.27739331126213074,949,415,0.12413978576660156,995,415,0.15913453698158264
310,0.2967487692832947,917,321,0.3699335753917694,905,337,0.4190695285797119,1003,359,0.20523765683174133,891,354,0.28392720222473145,1009,381,0.348102331161499,882,345,0.27656933665275574,1003,383,0.22357746958732605,967,397,0.30861520767211914,1019,402,0.2588546574115753,946,415,0.2508563995361328,989,417,0.26577335596084595,967,415,0.11195844411849976,1002,413,0.1435265690088272
311,0.278881025314331,920,327,0.39105620980262756,950,362,0.20835693180561066,1026,379,0.2984190881252289,896,357,0.29120737314224243,1005,382,0.3416191041469574,876,338,0.3131064176559448,1108,342,0.2446431666612625,984,411,0.2978183329105377,1022,415,0.27811992168426514,956,417,0.27570483088493347,1008,417,0.2938574552536011,989,415,0.12563204765319824,1016,413,0.1590627133846283
312,0.3848274946212768,909,322,0.5077159404754639,906,337,0.4929102659225464,916,338,0.3550863265991211,898,346,0.3721342980861664,924,359,0.19154366850852966,896,354,0.33771461248397827,889,356,0.414399117231369,968,393,0.3472730815410614,968,396,0.34601902961730957,958,413,0.33365219831466675,955,415,0.3385758399963379,956,416,0.23966291546821594,954,418,0.25920945405960083
313,0.2795701324939728,993,372,0.34900063276290894,1004,388,0.3702661693096161,1008,392,0.38634374737739563,993,390,0.34972622990608215,990,393,0.28646621108055115,990,392,0.27013248205184937,987,393,0.2443411648273468,1013,440,0.19684645533561707,1008,444,0.183604896068573,973,431,0.21449755132198334,987,451,0.13826844096183777,990,422,0.12467759847640991,978,421,0.14334219694137573
314,0.2741570234298706,986,378,0.3540061414241791,1007,393,0.36424991488456726,1001,402,0.3595333993434906,989,392,0.33639025688171387,978,396,0.2578884959220886,892,341,0.41537344455718994,889,342,0.36847081780433655,1019,467,0.19247913360595703,1007,470,0.17899078130722046,991,486,0.12371993809938431,989,487,0.13806982338428497,1005,480,0.05485835298895836,988,542,0.10236895829439163
315,0.2939640372991562,983,380,0.3417341709136963,1018,400,0.35100626945495605,979,399,0.36921200156211853,992,394,0.331001877784729,975,398,0.25614359974861145,888,338,0.409671813249588,884,340,0.37074896693229675,1023,486,0.2546469569206238,1005,488,0.22994650900363922,996,515,0.13272416591644287,994,518,0.13455282151699066,1015,549,0.058502569794654846,986,547,0.10968893766403198
316,0.26933131366968155,955,364,0.2678547203540802,977,382,0.35225313901901245,974,386,0.3706493377685547,957,385,0.323029100894928,974,395,0.2571136951446533,886,345,0.38856977224349976,945,388,0.2514457702636719,993,441,0.20401382446289062,991,460,0.19519294798374176,987,482,0.12644673883914948,987,484,0.13988317549228668,947,414,0.1511288732290268,989,542,0.0984387993812561
317,0.2762547999620437,957,362,0.23535163700580597,997,385,0.3589836061000824,978,384,0.35708749294281006,957,387,0.31852105259895325,974,396,0.2501375675201416,960,389,0.261621356010437,952,391,0.2369728535413742,1014,460,0.22491775453090668,1006,463,0.2018386721611023,990,477,0.12621012330055237,988,479,0.13932350277900696,1000,477,0.05372125282883644,990,540,0.08305986225605011
318,0.2759233921766281,957,362,0.23746536672115326,999,384,0.3512182831764221,976,384,0.35050126910209656,958,387,0.3190861940383911,947,387,0.2744640111923218,956,389,0.2600206434726715,946,390,0.23211440443992615,1015,460,0.22954124212265015,1005,463,0.2067161351442337,990,480,0.13345500826835632,990,482,0.14955855906009674,970,423,0.12916827201843262,990,541,0.09077785164117813
319,0.26499378830194475,982,372,0.30043673515319824,1004,386,0.3447401821613312,975,387,0.34012463688850403,990,394,0.3295959532260895,946,391,0.27762582898139954,986,393,0.24186313152313232,947,391,0.2409008890390396,1018,463,0.21962013840675354,1005,467,0.19788795709609985,994,509,0.14253836870193481,994,512,0.1495014727115631,1011,547,0.07344835996627808,988,543,0.09077128767967224
320,0.28391775488853455,917,335,0.4333769381046295,924,347,0.3137107789516449,978,371,0.2306375354528427,902,359,0.29865750670433044,950,385,0.2825976610183716,950,389,0.2580376863479614,949,391,0.2339440882205963,979,420,0.2924591302871704,981,423,0.2690191864967346,961,428,0.22640980780124664,964,431,0.22210051119327545,962,423,0.14330317080020905,966,423,0.16485661268234253
321,0.27326575517654417,965,364,0.2341131567955017,1000,385,0.3395686149597168,1008,391,0.36298179626464844,955,386,0.31600043177604675,985,394,0.257595419883728,964,384,0.2574668526649475,996,387,0.2124072164297104,1014,459,0.21835845708847046,1012,463,0.19047318398952484,981,450,0.12651470303535461,986,451,0.14174538850784302,976,418,0.1367267370223999,977,418,0.15289004147052765
322,0.2858413845300674,989,380,0.35717061161994934,1013,402,0.34169241786003113,1008,406,0.37817326188087463,985,391,0.3194514513015747,985,395,0.28146228194236755,878,337,0.41124168038368225,881,337,0.3422171473503113,1022,489,0.21865831315517426,1014,491,0.18434657156467438,988,612,0.2928745150566101,995,614,0.26908570528030396,985,723,0.2599209249019623,1009,558,0.06663333624601364
323,0.2689924508333206,926,339,0.39831894636154175,974,383,0.33458617329597473,986,378,0.23662254214286804,905,362,0.30106329917907715,953,387,0.3074287176132202,880,346,0.34851083159446716,958,386,0.24423383176326752,984,426,0.23163284361362457,987,428,0.22483335435390472,972,431,0.2038542479276657,980,445,0.14519114792346954,969,420,0.11909885704517365,974,419,0.1364397406578064
324,0.33436349034309387,899,319,0.4655088484287262,907,331,0.42644795775413513,903,335,0.3989311456680298,896,349,0.3590898811817169,888,348,0.30436116456985474,930,382,0.2655952274799347,896,364,0.2925073802471161,940,388,0.20424896478652954,953,394,0.30785995721817017,931,409,0.20443016290664673,927,410,0.24584123492240906,939,408,0.2519450783729553,935,410,0.2725151777267456
325,0.3404544949531555,913,329,0.4729233980178833,913,339,0.42405208945274353,912,341,0.3311489224433899,948,381,0.34698987007141113,928,381,0.28402790427207947,938,389,0.29358425736427307,922,391,0.26808929443359375,971,400,0.3026972711086273,962,404,0.30512261390686035,958,424,0.2401662915945053,951,425,0.23157085478305817,943,412,0.2113327980041504,936,412,0.2274792641401291
326,0.2860341817140579,921,334,0.4709971845149994,977,367,0.25356730818748474,959,372,0.26298782229423523,964,384,0.3630017042160034,926,384,0.29222220182418823,952,390,0.2955663502216339,926,392,0.2784746289253235,984,406,0.2705861032009125,972,423,0.29793986678123474,976,433,0.20466524362564087,957,437,0.18468715250492096,949,414,0.184163898229599,935,413,0.20107246935367584
327,0.3315756559371948,916,331,0.4751254916191101,916,341,0.4007487893104553,916,344,0.3360528349876404,953,383,0.3585924804210663,931,383,0.3014678955078125,943,392,0.2994164228439331,927,394,0.2795114815235138,976,404,0.29859834909439087,968,408,0.28312021493911743,966,433,0.21083742380142212,956,434,0.20314960181713104,945,414,0.20293237268924713,937,414,0.21853822469711304
328,0.34648441076278685,914,330,0.47369760274887085,915,340,0.41406702995300293,912,343,0.33928990364074707,953,383,0.35699301958084106,929,383,0.2948024272918701,948,393,0.3055577278137207,930,395,0.2803555428981781,974,403,0.31041011214256287,970,418,0.3330495059490204,962,428,0.2319776862859726,952,430,0.22800278663635254,948,416,0.20481668412685394,955,424,0.15589869022369385
329,0.3052065789699554,919,332,0.4545089304447174,915,342,0.38618776202201843,969,370,0.23336602747440338,953,386,0.3483661711215973,939,385,0.30354753136634827,946,393,0.27982836961746216,934,395,0.2658770680427551,986,421,0.2938280999660492,978,424,0.28872302174568176,966,435,0.19636975228786469,968,443,0.16940990090370178,944,414,0.1829138547182083,940,414,0.19278141856193542
330,0.33851982951164244,912,328,0.4690593481063843,913,337,0.4362092912197113,911,340,0.331353098154068,948,382,0.3464905917644501,931,382,0.2913002371788025,944,393,0.3005608320236206,931,395,0.27436646819114685,971,402,0.3085109293460846,965,406,0.2875499427318573,960,430,0.21512511372566223,950,431,0.21871641278266907,946,416,0.2042102813720703,956,424,0.1486690193414688
331,0.3398920178413391,916,329,0.48563358187675476,915,339,0.4386554956436157,914,342,0.3351251780986786,954,383,0.36585238575935364,930,383,0.3066996932029724,947,393,0.3139301836490631,929,395,0.29065725207328796,977,405,0.2999090552330017,967,408,0.2846863865852356,963,431,0.2244977355003357,952,433,0.2126176357269287,948,416,0.20063850283622742,955,424,0.14515995979309082
332,0.3403073936700821,916,330,0.4820843040943146,914,339,0.4466591477394104,916,342,0.3391174077987671,951,384,0.3613477945327759,934,384,0.3162875175476074,945,394,0.31470271944999695,932,395,0.2966977655887604,974,406,0.2959423363208771,968,409,0.27888694405555725,961,433,0.21397432684898376,954,434,0.21374687552452087,946,417,0.20414885878562927,957,425,0.14685103297233582
333,0.34585513174533844,915,330,0.4759199023246765,913,339,0.45155128836631775,916,342,0.3472731411457062,950,384,0.35745787620544434,935,384,0.30956435203552246,945,394,0.31209877133369446,934,396,0.2906603515148163,974,405,0.30304232239723206,968,408,0.2860668897628784,962,432,0.22681096196174622,955,432,0.22990593314170837,946,416,0.20894254744052887,959,424,0.15807604789733887
334,0.3379256814718246,915,331,0.4709211587905884,915,341,0.4010801911354065,914,343,0.34400591254234314,955,384,0.35842302441596985,932,384,0.2995145916938782,951,395,0.30910998582839966,934,397,0.28182512521743774,976,405,0.2960396111011505,972,419,0.31153222918510437,964,430,0.22681540250778198,951,430,0.22889572381973267,949,416,0.20922765135765076,957,423,0.1582074612379074
335,0.3343800753355026,915,332,0.4721181392669678,917,341,0.39023566246032715,913,344,0.346043199300766,959,386,0.35303962230682373,930,385,0.2995314300060272,954,396,0.308722585439682,933,397,0.2875972092151642,979,407,0.2885355055332184,972,421,0.30962151288986206,967,431,0.23177246749401093,952,432,0.22699189186096191,950,416,0.2013663947582245,957,423,0.15615074336528778
336,0.3156609684228897,896,321,0.4707063138484955,909,330,0.39346712827682495,895,336,0.4103160500526428,898,344,0.3536936938762665,876,344,0.29971566796302795,940,386,0.257907897233963,892,365,0.2556505501270294,943,391,0.17535027861595154,912,385,0.2583807110786438,943,408,0.2120010405778885,921,402,0.2907344102859497,944,409,0.26126477122306824,934,410,0.2900771498680115
337,0.3147670805454254,915,330,0.4461047053337097,911,340,0.39261502027511597,918,343,0.2921766936779022,955,384,0.3338060975074768,941,385,0.28924837708473206,956,396,0.2818680703639984,944,398,0.26279306411743164,984,418,0.2872485816478729,975,421,0.28851714730262756,969,428,0.2354937344789505,956,430,0.21285036206245422,973,425,0.1443561315536499,965,425,0.1515880525112152
338,0.3219606578350067,917,333,0.4718925654888153,916,341,0.3684110939502716,917,344,0.31103935837745667,961,385,0.3541039228439331,939,385,0.30337831377983093,958,397,0.3006260395050049,941,400,0.28563472628593445,987,419,0.2954343855381012,974,422,0.30033743381500244,971,432,0.24087227880954742,957,433,0.2325424700975418,976,428,0.15482355654239655,964,428,0.1690773367881775
339,0.32829158902168276,913,332,0.441166490316391,912,341,0.4001111090183258,914,343,0.315772145986557,950,384,0.33385854959487915,937,384,0.28972581028938293,951,397,0.290650337934494,940,399,0.26845991611480713,979,417,0.31072738766670227,971,420,0.29536959528923035,961,426,0.25594496726989746,954,428,0.2418762445449829,963,427,0.17245860397815704,963,425,0.16370517015457153
340,0.3104908615350723,915,334,0.43514665961265564,915,342,0.35307472944259644,913,345,0.311007559299469,956,384,0.33914175629615784,933,384,0.2768370509147644,955,396,0.2920193672180176,937,398,0.2687355577945709,984,419,0.28934162855148315,970,422,0.28294283151626587,967,427,0.2515915036201477,953,429,0.23345136642456055,969,426,0.17347010970115662,961,425,0.161051407456398
341,0.3266896605491638,912,330,0.43668389320373535,915,340,0.3739875555038452,909,343,0.3141336739063263,955,383,0.33571934700012207,932,383,0.2800869047641754,957,397,0.28821590542793274,940,400,0.2672109007835388,974,402,0.30376705527305603,969,416,0.32342416048049927,963,423,0.2652077078819275,951,424,0.25709298253059387,967,428,0.17904120683670044,961,425,0.18064060807228088
342,0.3132240146398544,915,331,0.4299195408821106,917,342,0.3386037349700928,914,345,0.30005359649658203,958,384,0.334994375705719,935,384,0.28446248173713684,961,396,0.28457698225975037,944,399,0.269135057926178,987,416,0.30044013261795044,973,418,0.3114860951900482,968,425,0.2524961233139038,956,425,0.24063359200954437,986,429,0.15806078910827637,961,428,0.19941434264183044
343,0.2767043709754944,916,332,0.4292736053466797,974,365,0.1963093876838684,915,348,0.30179086327552795,962,387,0.3132718801498413,935,387,0.2565568685531616,965,398,0.2556573748588562,944,400,0.23986347019672394,992,418,0.27988308668136597,975,420,0.2870117723941803,975,423,0.2559465765953064,957,425,0.2646680176258087,995,428,0.1705319583415985,963,426,0.2029169201850891
344,0.29404769241809847,916,331,0.4169907569885254,927,346,0.2759542763233185,916,347,0.3023921847343445,957,387,0.31876903772354126,937,387,0.2715202569961548,962,400,0.2637806534767151,947,402,0.2482699304819107,988,418,0.2941322326660156,975,420,0.2872940003871918,969,425,0.2512441575527191,956,427,0.25693973898887634,989,430,0.16231201589107513,964,430,0.19345736503601074
345,0.2917097210884094,917,331,0.4119489789009094,929,346,0.271056592464447,915,348,0.2994631826877594,960,387,0.31852850317955017,935,386,0.27060753107070923,964,399,0.26284894347190857,945,402,0.2518106997013092,990,418,0.2884349524974823,975,420,0.2898925840854645,973,424,0.25258001685142517,956,426,0.2599487900733948,991,429,0.16566409170627594,963,428,0.19848914444446564
346,0.27763179838657376,918,335,0.41281211376190186,1003,380,0.3168988823890686,968,380,0.31508493423461914,993,391,0.34053707122802734,941,386,0.28193262219429016,991,400,0.2653357982635498,949,396,0.2665991187095642,1018,438,0.21110489964485168,987,436,0.22253642976284027,970,429,0.23063313961029053,964,429,0.2234461009502411,994,426,0.17073707282543182,968,424,0.1976366490125656
347,0.2636817693710327,915,331,0.3846372663974762,970,366,0.18788893520832062,964,377,0.26828986406326294,966,387,0.3226677179336548,939,388,0.28248390555381775,969,403,0.2603359520435333,948,405,0.25633707642555237,991,419,0.28109651803970337,974,422,0.28574517369270325,974,427,0.24777725338935852,956,429,0.24530966579914093,994,433,0.16219185292720795,963,428,0.1657889038324356
348,0.3443027317523956,895,323,0.4346960484981537,912,336,0.3893286883831024,893,341,0.4000464975833893,954,377,0.31825947761535645,874,348,0.2466801106929779,960,396,0.2849108874797821,884,370,0.246440589427948,966,400,0.30757665634155273,913,390,0.3050212264060974,944,416,0.23219498991966248,916,408,0.350001722574234,962,421,0.18382059037685394,927,417,0.2962351441383362
349,0.2997355699539184,985,370,0.3500988781452179,1004,389,0.3862060606479645,996,394,0.39843058586120605,1005,394,0.3912198543548584,987,395,0.3068939447402954,991,406,0.34074667096138,954,403,0.3393004536628723,1024,462,0.23557129502296448,1009,465,0.2185138314962387,997,512,0.16274555027484894,992,488,0.15675097703933716,1015,511,0.06543872505426407,1011,548,0.08962289988994598
